46 15
2 2 0 1 2 2 3 2 0 0 0 3 2 1 1
3 2 0 1 1 2 2 3 0 0 0 1 1 0 2
0 1 0 0 0 3 3 1 2 3 3 2 1 1 0
3 3 2 1 2 2 1 3 3 2 3 1 0 2 2
1 3 2 0 3 3 1 1 3 2 3 3 0 3 0
3 1 2 0 0 1 1 0 1 3 0 2 2 1 1
1 1 3 2 3 3 0 3 1 3 2 3 3 1 3
2 3 0 2 3 0 0 1 3 0 3 3 1 2 0
2 0 3 2 2 0 0 0 3 3 0 0 3 0 0
3 1 3 2 0 0 2 1 1 2 2 0 1 3 0
3 0 0 3 0 0 3 1 1 3 3 2 2 3 0
3 0 0 1 3 0 2 2 2 3 3 2 1 2 2
2 2 3 2 3 2 3 2 1 1 3 1 2 0 1
3 3 3 0 2 2 0 0 0 0 0 3 1 0 1
1 3 0 2 0 0 3 3 0 3 0 3 3 1 0
1 0 3 3 3 2 2 1 3 0 1 0 2 0 2
2 2 1 1 2 0 2 0 3 3 1 3 2 1 3
2 0 1 3 0 2 2 3 0 2 2 2 2 3 3
1 0 0 2 0 1 0 1 0 3 3 0 2 1 1
0 2 3 1 2 1 3 3 3 1 1 3 0 0 0
1 2 3 2 3 3 0 0 1 0 0 3 1 2 0
0 3 2 3 0 2 1 1 3 0 2 2 2 3 3
3 1 2 3 1 0 0 1 3 1 2 0 2 2 1
2 1 1 0 2 2 1 1 1 3 2 1 0 2 2
3 1 1 2 0 3 1 0 1 2 3 2 0 0 0
3 3 1 1 2 0 2 0 2 1 0 0 1 2 3
3 2 0 0 2 3 1 2 2 1 0 1 2 1 0
2 0 1 1 3 1 3 0 0 0 3 1 2 1 3
3 0 1 3 1 1 1 0 2 1 1 0 0 0 3
2 3 1 1 3 0 2 1 1 0 1 2 0 2 0
3 0 1 1 3 1 0 3 3 1 3 3 1 1 1
0 0 1 1 3 1 1 3 3 3 2 3 1 2 3
1 2 3 1 2 3 2 0 0 3 3 3 1 3 2
2 3 1 0 3 2 0 3 2 3 2 3 1 3 2
3 0 3 1 3 1 2 2 1 0 3 0 2 0 1
0 1 3 1 3 1 0 1 0 2 2 1 0 2 2
0 1 0 2 1 1 2 0 0 0 1 1 1 2 3
3 2 1 2 3 2 0 3 2 0 3 0 2 1 0
1 3 0 3 1 2 0 1 2 0 3 1 2 3 1
0 0 2 3 3 1 0 3 1 3 0 2 1 1 2
2 0 0 0 2 2 0 1 2 1 3 0 0 1 1
3 2 0 1 0 0 2 0 0 1 3 2 1 2 1
1 0 0 2 1 0 1 0 0 0 0 1 3 0 0
2 3 0 3 3 0 2 0 3 3 3 1 2 1 2
2 3 2 0 1 3 2 2 1 2 1 0 2 3 0
2 1 0 1 2 3 3 1 1 3 2 1 0 0 3
329
10 10
26 11
21 12
40 11
32 3
45 11
33 12
27 14
8 15
25 13
26 1
37 12
13 6
29 5
14 12
29 7
11 12
32 10
8 1
39 11
24 7
24 6
36 12
42 12
13 3
42 4
10 15
14 4
32 14
20 6
36 6
11 11
30 8
9 15
41 1
37 3
26 10
21 7
26 7
15 14
3 6
31 4
15 14
32 3
44 1
8 11
4 6
1 11
38 9
39 11
45 11
22 14
12 14
12 12
20 14
33 13
2 15
33 5
10 6
39 5
26 1
6 10
36 13
15 1
29 15
44 10
19 13
23 14
35 12
17 10
10 1
6 10
23 14
37 8
27 7
4 8
2 15
3 15
34 8
8 12
6 1
18 4
10 9
2 2
3 7
22 3
24 1
37 5
13 3
20 3
2 6
19 11
39 3
17 2
30 5
3 15
4 11
13 9
40 6
43 1
18 9
7 5
26 9
2 3
39 14
43 13
12 15
35 10
45 1
19 10
37 3
42 13
25 8
9 1
26 15
25 11
46 8
33 8
4 4
14 4
17 12
45 4
45 6
6 3
29 8
35 12
43 15
46 12
6 2
10 14
38 12
33 15
18 4
28 7
17 15
24 13
35 2
22 9
1 8
32 1
41 14
40 6
45 12
7 3
12 13
39 6
38 8
11 10
46 9
35 13
8 2
25 15
39 5
6 10
31 8
13 1
42 2
40 14
29 3
14 1
1 1
12 13
34 3
36 6
21 2
17 2
39 3
43 8
30 3
14 1
3 4
6 3
41 4
8 14
21 14
10 11
11 3
26 1
10 4
27 5
26 11
40 12
34 1
11 15
28 15
27 11
46 12
25 9
4 3
43 5
18 10
35 10
5 4
30 12
46 2
11 2
39 5
29 6
5 2
21 15
33 9
6 9
10 6
38 5
10 11
19 9
1 3
3 4
4 7
29 1
17 15
6 9
30 1
16 6
41 9
24 1
38 14
1 5
4 10
36 6
20 10
28 4
15 2
25 13
20 11
34 2
14 10
16 7
6 13
33 10
27 14
31 10
9 12
16 7
28 6
9 2
30 6
33 2
41 10
3 9
37 15
34 11
20 10
14 15
37 9
45 8
16 8
39 3
21 3
5 14
32 2
2 1
5 8
45 3
36 3
39 11
3 10
42 14
33 8
22 8
19 5
22 8
10 11
19 4
28 12
22 14
43 1
24 6
42 9
12 1
44 4
40 2
17 11
14 14
45 10
7 12
19 3
38 8
19 7
4 7
39 4
3 8
34 13
23 10
20 2
29 11
22 7
18 10
20 8
41 15
36 4
8 14
22 1
42 15
45 2
31 9
22 1
20 1
23 3
6 6
14 11
7 6
2 12
40 7
17 9
13 12
3 3
27 1
24 1
45 8
33 4
28 15
37 4
6 2
13 10
21 6
43 3
40 7
28 4
17 2
20 9
33 12
34 9
13 11
43 13
29 11
21 6
9 10
34 8
