76 46
0 1 1 2 1 1 3 1 0 0 1 0 3 2 0 0 1 3 2 2 3 3 1 3 3 2 3 1 3 3 3 2 2 0 3 3 0 0 3 1 2 0 3 1 2 3
1 2 1 0 1 0 2 1 2 1 3 1 3 2 1 1 0 2 2 0 1 2 2 2 3 2 3 0 3 3 1 2 2 2 1 1 3 0 0 0 3 1 1 1 1 2
1 2 2 2 2 3 1 2 3 3 0 3 3 2 2 1 1 1 3 0 2 0 3 3 2 1 2 1 2 0 3 0 2 3 0 2 2 0 2 1 1 1 1 3 3 2
2 2 3 3 1 2 1 1 1 1 0 2 1 2 0 2 3 0 3 1 1 2 1 1 3 2 3 1 2 0 1 3 3 2 3 1 3 1 0 0 0 2 3 2 3 0
1 0 2 3 2 3 0 0 1 3 0 2 3 0 3 2 3 2 0 1 2 1 2 1 3 1 0 0 2 2 1 3 3 2 3 2 3 0 3 3 2 2 2 3 2 3
0 1 1 0 2 1 2 0 3 3 2 3 2 3 2 0 0 2 1 3 3 1 1 0 3 2 3 1 0 0 1 2 3 1 0 3 2 0 3 3 2 3 1 2 1 0
0 2 1 2 0 3 1 0 3 3 1 3 1 2 1 1 1 1 0 1 3 2 1 1 0 2 3 3 1 0 0 3 0 0 2 0 0 1 3 1 2 2 3 3 3 3
3 2 3 2 0 3 2 0 3 1 3 2 1 0 0 2 0 1 1 1 2 2 3 2 3 0 1 1 1 3 3 3 0 1 1 0 2 2 2 1 2 1 3 2 0 2
1 0 2 1 1 0 2 2 2 0 3 2 1 1 2 0 2 1 2 3 1 2 0 3 1 1 3 0 1 3 2 0 2 3 1 1 2 0 0 0 1 1 0 1 3 2
1 2 1 0 0 3 1 3 3 1 1 0 3 2 0 0 2 1 3 3 0 0 1 3 0 0 1 3 3 0 1 3 1 2 3 1 0 3 1 1 3 0 3 0 0 1
0 0 2 1 0 3 1 2 0 3 0 1 2 3 3 1 3 1 3 0 1 1 2 2 3 2 0 2 2 2 2 3 0 0 1 2 3 0 2 0 0 3 1 2 2 3
1 0 2 3 1 0 2 0 0 3 0 1 2 2 0 0 3 3 0 2 3 2 1 0 3 0 1 2 2 1 1 2 2 0 2 0 3 0 0 3 0 2 0 0 2 2
0 0 3 1 3 3 1 2 0 2 2 3 1 2 2 2 0 3 3 2 2 2 1 0 1 2 3 2 3 3 1 0 1 0 1 1 2 1 2 0 1 2 2 2 0 1
2 2 3 0 3 2 2 0 1 1 0 2 1 2 0 2 1 2 0 2 2 2 0 3 1 3 0 2 2 0 1 1 2 2 2 3 1 2 3 2 3 1 3 2 3 0
2 0 3 3 3 2 1 3 0 3 1 3 3 1 3 0 3 1 3 2 1 1 2 1 1 3 2 0 0 3 1 3 0 2 1 1 1 2 3 3 2 2 1 3 0 3
3 2 1 2 0 2 1 3 2 1 1 3 2 3 2 1 2 1 2 2 3 0 3 0 0 2 2 2 1 1 2 2 2 0 1 3 2 3 1 1 1 3 1 3 2 3
0 3 3 0 3 1 3 2 0 2 0 3 2 2 1 3 1 2 1 0 2 0 3 0 2 2 3 3 1 0 0 3 1 1 2 1 2 3 1 2 0 2 3 1 1 1
0 3 3 1 0 0 0 1 0 0 1 1 0 3 2 3 0 2 0 0 2 1 1 1 2 1 0 3 1 3 1 1 1 1 1 1 0 1 2 3 1 3 2 3 2 1
2 0 2 0 3 1 1 0 3 1 1 3 3 1 3 1 2 0 0 1 3 0 1 0 3 2 3 3 1 2 1 0 2 0 0 3 2 1 3 2 1 2 3 3 2 2
3 3 0 3 1 0 0 1 3 2 2 1 0 2 2 1 1 3 1 2 3 0 3 3 2 3 0 0 2 1 1 0 3 0 3 2 1 1 0 0 3 3 3 0 3 0
2 2 2 3 1 0 0 3 1 3 0 3 1 0 0 1 3 1 1 3 0 1 0 1 3 1 1 2 3 0 1 2 0 2 1 1 3 3 0 0 2 1 1 2 1 2
2 3 2 0 2 2 0 1 0 0 3 3 3 2 2 3 1 2 0 3 1 0 0 0 3 2 3 1 0 0 0 2 0 3 1 0 2 3 1 3 1 2 3 2 2 0
2 3 1 1 3 1 3 2 3 3 1 3 1 0 3 1 1 3 2 2 3 3 1 1 2 0 0 1 0 3 2 3 1 0 1 3 0 3 1 1 2 3 0 0 2 3
1 3 2 2 3 3 1 3 0 0 2 3 1 0 2 2 1 0 3 1 2 1 0 0 0 3 0 3 0 1 2 3 0 1 0 2 1 2 3 3 3 1 2 0 3 0
2 2 2 1 2 2 0 1 0 3 2 1 1 0 2 1 0 1 3 2 2 0 0 2 2 2 1 0 0 3 1 0 3 0 0 0 1 0 2 3 0 3 1 3 2 1
3 1 3 0 1 1 1 1 0 1 1 0 2 3 3 2 2 0 1 2 1 0 1 2 2 0 0 2 1 3 2 0 2 2 3 2 2 2 0 1 1 3 1 3 2 3
1 3 3 0 1 1 1 0 3 3 2 3 0 1 0 0 1 2 3 1 2 3 1 3 0 1 1 0 2 0 1 3 3 2 1 2 2 2 3 0 1 0 1 0 0 3
0 0 1 3 3 2 1 3 3 2 2 3 3 3 3 1 0 0 0 1 1 1 1 1 3 3 0 2 1 1 2 2 0 2 3 2 2 1 3 2 1 0 0 3 0 1
3 1 3 3 2 3 1 0 1 0 3 2 2 2 3 2 0 2 3 2 3 3 0 0 3 3 3 2 1 3 2 2 3 1 2 1 3 2 1 2 3 0 0 1 2 3
0 0 2 0 3 1 0 2 0 0 0 1 0 0 0 2 3 2 3 2 2 0 1 3 1 0 2 0 2 0 1 2 1 3 2 0 2 0 3 2 1 2 1 1 2 1
0 0 1 2 0 2 1 2 3 3 0 0 1 1 0 3 1 0 0 0 3 3 3 3 3 0 0 0 2 2 2 3 2 0 1 1 3 3 1 3 0 2 0 1 3 3
0 0 2 0 3 0 1 3 1 0 1 2 1 1 1 1 3 1 1 2 0 3 2 0 1 3 3 2 3 2 0 2 0 0 2 1 3 2 2 1 0 0 0 3 1 0
0 2 1 1 1 3 3 1 0 0 3 3 1 3 2 3 2 1 1 2 1 3 2 0 3 0 1 3 0 2 2 1 0 0 3 1 0 3 3 1 1 0 2 0 0 3
1 3 0 1 0 3 0 0 0 0 3 2 1 1 0 0 3 3 0 1 3 0 0 3 2 1 1 0 0 3 3 2 1 1 2 0 3 3 0 3 3 3 3 2 2 1
1 3 3 1 0 1 0 2 1 0 3 1 2 3 1 3 0 0 2 0 0 3 0 1 2 1 1 2 3 2 1 1 2 3 0 2 0 2 0 2 3 0 3 3 0 0
0 0 1 3 2 2 0 1 1 3 2 1 0 1 2 3 3 2 2 2 2 0 2 1 2 1 0 2 1 2 3 1 1 3 1 0 1 0 1 1 1 1 1 1 1 2
1 3 1 3 2 0 0 0 3 3 2 1 3 0 2 3 0 1 0 3 1 3 0 1 1 0 0 3 1 3 3 1 2 0 0 1 3 0 0 3 0 2 0 1 1 0
3 2 2 0 3 2 3 0 2 1 1 0 2 0 3 3 0 1 2 0 1 2 2 0 1 0 1 1 3 1 1 2 1 0 3 0 2 2 1 0 2 1 2 2 2 0
3 2 3 1 0 2 1 0 2 0 1 0 2 2 2 2 1 0 0 3 1 3 3 0 1 2 2 1 1 1 3 0 2 3 2 0 3 1 2 2 2 2 1 0 3 2
0 3 2 2 3 0 1 3 1 2 3 1 0 3 3 3 3 1 1 1 1 2 2 3 2 2 0 3 0 1 1 3 3 2 1 3 1 2 0 0 0 0 1 2 2 1
3 1 1 1 0 2 3 1 0 2 1 0 2 0 2 2 3 0 2 3 3 2 3 1 1 3 2 2 1 2 3 2 2 0 2 3 3 2 2 3 1 2 1 1 3 1
3 3 0 0 3 1 2 0 3 0 3 2 0 3 2 1 3 2 3 0 1 0 3 3 0 0 2 3 0 3 1 2 1 3 0 3 1 1 0 1 3 0 2 1 3 2
2 2 0 3 3 3 0 0 3 3 1 0 1 0 3 1 3 2 2 1 3 0 3 0 2 1 2 1 1 2 3 0 3 3 2 0 0 2 3 0 0 1 2 3 3 0
2 3 1 3 0 0 1 0 1 3 2 2 0 3 1 3 1 1 0 3 2 0 2 1 2 0 1 0 3 2 3 2 1 3 2 0 3 3 3 0 1 2 2 1 0 1
1 3 1 0 3 0 0 2 3 3 0 2 2 1 3 0 1 0 0 1 3 2 2 1 3 0 1 2 3 1 0 1 0 0 2 3 0 2 1 2 2 2 0 3 3 0
1 2 0 1 1 2 2 0 1 0 3 0 1 0 1 2 1 2 0 2 3 0 3 1 3 2 2 0 3 3 0 0 2 3 3 3 2 1 2 1 3 2 1 1 0 0
1 1 3 2 2 1 3 3 2 1 1 3 3 0 2 1 3 2 1 0 0 2 0 1 3 1 1 2 0 2 2 1 2 1 1 2 1 0 2 0 1 2 3 0 0 1
0 3 0 1 1 1 3 0 3 0 0 2 2 3 3 0 3 2 2 0 1 3 0 2 0 2 2 0 0 2 3 0 2 2 0 1 1 0 3 1 2 3 1 3 1 2
0 0 1 2 1 2 3 2 1 3 0 3 2 1 0 2 1 0 0 0 1 2 1 2 0 1 2 2 0 1 1 2 0 0 3 3 3 3 2 1 1 2 2 0 3 3
2 2 2 2 0 3 0 3 1 1 3 3 2 2 3 1 2 2 0 0 1 3 0 3 1 2 2 0 1 1 2 3 0 3 1 1 1 0 0 2 1 0 1 1 0 3
1 2 0 0 0 0 1 2 1 1 1 2 2 2 1 2 3 3 3 3 3 0 1 2 3 0 0 0 1 1 3 0 3 2 2 1 1 1 3 3 1 3 1 2 2 3
3 2 0 0 3 3 3 3 2 3 0 0 0 2 3 1 2 0 2 0 0 1 2 0 0 1 0 0 2 1 1 3 1 1 0 1 1 3 3 0 0 2 0 0 2 3
1 2 2 1 1 1 2 3 0 0 2 2 0 0 2 1 1 0 1 2 3 3 3 1 2 3 0 1 0 1 2 1 3 2 0 2 1 2 3 1 1 2 1 0 2 1
2 1 0 1 0 2 2 3 2 2 0 1 1 1 0 3 1 1 3 3 0 2 0 1 0 1 1 0 3 2 3 3 0 3 0 1 3 3 0 3 1 0 0 1 3 3
0 2 1 2 3 0 3 2 2 2 3 2 2 3 3 1 3 0 1 0 1 3 2 0 0 3 0 0 2 0 0 0 0 1 2 1 3 2 0 3 0 3 1 2 2 3
1 3 0 3 0 2 1 1 3 3 3 3 2 2 1 1 0 1 3 1 0 0 2 0 0 3 3 0 1 1 1 3 3 2 0 2 2 0 0 1 1 1 1 1 3 2
1 0 1 0 0 1 0 2 3 2 0 0 0 1 2 3 3 1 3 1 0 1 2 1 0 3 0 1 1 3 1 0 1 1 1 3 1 3 0 3 0 1 0 1 2 0
0 0 1 1 1 2 2 1 1 1 3 2 0 0 2 2 3 2 2 0 1 1 3 2 2 3 2 2 2 1 3 3 3 2 3 0 1 2 0 2 0 0 2 0 3 1
3 0 2 0 0 3 3 3 0 3 1 3 3 0 2 2 0 0 1 1 2 2 1 0 0 0 2 0 2 2 2 1 2 0 0 2 1 3 3 0 1 0 0 3 0 3
3 0 2 3 0 3 3 3 0 1 1 3 3 1 0 2 0 0 0 2 2 1 3 1 3 2 2 3 0 2 2 0 0 1 0 3 3 1 1 0 0 0 1 0 1 0
3 2 2 3 1 3 2 0 3 1 2 0 2 1 0 2 3 3 0 0 0 0 2 3 0 0 0 0 0 1 3 3 0 2 2 0 1 2 3 0 2 3 0 0 3 1
2 1 2 3 1 0 3 3 1 1 2 1 3 3 2 0 3 0 3 2 1 2 3 3 3 2 0 1 2 2 1 3 2 1 0 1 3 1 3 2 0 3 3 1 0 2
0 1 0 2 3 3 1 1 0 2 1 2 2 1 3 0 1 1 2 2 3 2 0 1 0 2 2 0 1 3 3 2 3 0 2 2 0 3 3 3 3 2 3 1 2 2
1 0 3 3 3 3 1 3 0 0 3 2 3 0 1 0 0 3 0 0 3 0 2 2 2 3 1 2 2 3 2 3 0 0 0 3 0 3 3 2 2 1 2 3 0 3
1 3 2 1 1 1 2 1 2 3 0 0 2 0 1 1 3 3 0 1 0 2 2 2 1 2 3 0 3 0 3 1 2 2 0 3 1 0 1 1 0 2 1 3 2 1
3 3 3 2 2 0 2 3 0 1 3 0 0 0 3 1 3 1 2 3 2 1 3 1 3 0 1 3 3 1 3 2 1 0 2 2 2 0 0 3 3 1 3 2 2 2
3 3 3 0 2 3 2 3 2 0 1 0 1 3 0 0 0 2 2 2 3 1 0 3 2 2 2 0 1 2 0 0 2 1 3 0 3 3 1 3 0 0 2 3 1 3
3 1 0 0 0 0 1 0 2 2 2 2 3 0 1 2 0 0 0 0 1 3 0 3 0 1 1 2 2 1 0 2 0 2 0 0 1 3 1 3 3 0 1 1 3 3
1 3 1 2 1 2 0 2 2 1 1 3 0 1 3 1 3 2 2 2 0 0 3 0 1 3 0 2 0 1 2 0 1 0 0 3 3 1 2 2 0 3 0 3 0 2
1 0 2 1 3 1 2 3 2 1 3 0 2 2 1 2 0 1 3 0 2 0 2 3 3 2 3 1 1 0 1 1 0 3 2 2 2 1 3 2 3 0 3 2 0 3
0 2 1 1 2 2 0 0 3 1 3 0 2 1 0 1 0 2 2 0 0 2 0 0 3 0 0 2 0 0 0 0 0 3 2 0 0 3 2 2 0 2 0 0 0 1
0 2 1 2 3 2 3 1 1 0 1 2 1 0 3 1 1 3 2 3 2 1 0 1 0 1 3 2 0 3 1 1 0 0 1 3 2 3 0 3 1 2 3 1 0 1
1 2 1 0 0 0 1 2 0 2 0 1 0 1 2 1 0 0 1 3 3 0 1 1 0 0 0 0 2 0 1 2 3 2 0 0 0 3 0 0 3 0 2 2 2 3
1 0 1 0 0 2 0 2 3 0 3 1 2 2 2 3 1 1 0 1 3 3 1 1 2 2 0 2 0 1 0 3 2 2 0 2 1 2 1 3 1 3 2 0 2 2
1 2 1 0 2 3 2 1 3 3 2 2 2 1 1 2 3 3 1 1 0 0 0 2 0 2 0 3 0 1 3 3 2 1 0 0 2 0 3 3 0 1 3 1 2 0
1 3 1 3 1 1 0 0 2 1 2 2 0 2 3 2 2 0 1 3 3 1 1 2 3 3 0 1 2 1 2 2 0 0 1 1 0 1 2 0 3 3 1 1 0 2
326
12 27
63 35
45 3
59 14
23 25
47 34
30 10
51 35
63 14
39 3
10 14
21 22
36 11
36 25
2 41
51 25
56 33
35 41
10 21
76 7
42 10
66 45
50 36
18 13
65 46
60 36
42 43
2 45
53 28
70 43
35 34
12 9
6 1
17 1
26 36
62 20
71 33
54 36
27 7
46 37
9 24
23 23
39 41
38 26
18 21
50 46
24 27
51 15
56 27
18 20
57 3
58 1
52 12
46 13
19 46
56 6
29 6
26 33
64 13
34 18
68 44
67 10
72 39
23 10
5 3
11 18
64 18
75 32
40 27
34 36
26 4
38 25
38 46
66 46
37 11
3 23
55 1
26 8
7 13
22 16
2 46
28 18
48 8
72 44
53 8
67 6
58 12
41 36
69 1
67 25
47 11
11 38
71 30
46 26
73 24
1 12
35 9
39 37
22 1
29 37
73 16
58 4
57 22
5 7
6 15
70 32
47 32
20 13
7 45
4 3
16 33
68 19
9 29
41 46
42 23
59 26
56 27
65 5
46 35
9 27
57 6
56 7
61 25
18 33
38 38
42 14
55 31
37 30
2 27
66 30
1 45
14 16
13 44
22 6
24 18
17 39
58 9
43 21
54 46
66 41
14 6
59 15
8 15
24 36
28 45
62 11
54 15
43 42
10 37
32 35
42 1
2 31
74 33
6 4
63 24
64 44
20 6
25 20
22 2
52 31
6 28
21 40
10 8
74 20
66 7
24 23
59 7
53 33
30 15
30 2
39 42
51 9
27 30
10 14
75 24
31 26
27 26
72 18
51 44
65 14
19 27
30 34
46 46
30 34
28 4
30 38
12 16
12 16
41 3
4 12
1 24
56 1
61 28
60 10
51 45
28 46
67 12
38 7
3 2
30 8
75 31
40 8
71 35
12 4
58 1
32 30
36 28
45 11
22 43
70 3
13 41
65 46
28 15
50 30
56 1
61 5
47 6
34 15
58 30
18 2
43 12
16 10
18 45
30 29
20 46
10 39
45 38
56 42
69 8
11 19
19 39
72 4
60 7
1 21
13 35
31 20
73 45
22 45
64 34
70 6
68 14
24 7
61 11
64 16
60 31
53 43
45 1
7 41
40 31
18 7
70 1
68 43
37 10
50 42
56 32
72 3
41 32
38 15
3 10
9 21
4 17
63 13
41 21
45 39
49 31
28 17
56 8
9 36
31 39
23 14
20 8
67 45
68 28
56 45
61 40
60 1
7 36
3 10
62 7
37 8
39 19
33 30
67 4
72 37
60 17
14 38
5 27
23 30
43 29
60 42
5 3
67 8
36 4
9 2
1 38
43 46
36 4
8 13
47 26
21 16
12 36
61 7
53 2
49 9
51 7
43 25
30 21
14 9
50 20
17 1
71 17
28 8
60 42
16 33
49 12
8 4
73 25
51 44
51 25
41 16
56 31
12 45
75 8
28 18
21 13
76 33
