47 44
2 2 0 0 3 0 1 0 1 2 1 0 0 3 2 2 3 1 1 3 0 3 3 0 3 0 1 0 0 2 0 2 1 1 2 3 0 0 1 2 3 0 0 2
3 3 0 2 2 1 3 0 2 0 2 0 0 2 2 2 3 2 1 1 0 3 0 1 3 0 1 2 3 0 3 3 0 2 3 3 0 0 0 2 2 3 1 3
1 2 3 0 3 1 3 1 0 0 0 3 0 1 3 2 1 3 2 0 0 3 2 2 3 1 1 1 2 1 0 3 1 3 0 2 2 0 1 0 3 2 0 1
3 0 0 2 3 3 1 0 1 1 1 3 3 0 1 1 1 0 2 1 0 1 3 2 1 2 3 0 2 3 0 1 2 1 1 0 0 0 3 0 0 0 0 1
0 0 2 1 0 1 2 0 1 2 2 0 2 0 0 1 3 2 1 3 0 1 0 0 3 1 3 0 2 1 1 1 1 2 3 2 3 2 3 1 3 2 1 1
2 1 1 3 0 2 3 3 0 3 0 3 2 2 1 2 2 0 1 0 3 3 0 0 1 1 2 0 0 0 2 0 0 2 1 0 0 3 2 2 2 2 3 1
3 2 2 3 3 2 2 3 2 1 3 0 3 1 0 0 2 2 0 0 2 0 3 2 1 2 0 2 1 3 2 2 0 0 1 0 1 1 0 3 1 3 2 2
0 3 3 1 0 0 3 3 0 1 2 1 1 0 3 3 0 0 0 0 0 0 0 3 1 0 0 0 2 3 2 3 0 1 3 0 2 2 1 2 0 1 2 1
1 2 2 0 2 2 2 0 0 1 1 0 1 0 0 3 2 1 0 2 1 0 1 2 1 2 2 3 2 3 1 1 3 3 1 2 3 1 3 2 3 1 3 0
2 2 1 1 0 1 3 3 0 0 0 0 0 3 1 3 1 3 0 2 2 3 0 2 3 1 0 3 1 2 3 1 0 3 0 3 3 3 1 3 3 1 0 2
2 2 1 2 3 2 1 3 0 1 1 1 3 2 2 2 3 0 3 2 1 3 3 0 3 3 3 1 1 3 3 1 0 1 2 0 1 0 3 0 0 1 2 0
1 2 0 0 2 2 1 0 0 0 1 2 2 2 1 0 3 3 1 3 1 3 0 0 2 3 3 1 2 1 3 2 2 1 3 2 0 1 2 2 2 1 1 2
3 1 2 2 2 1 2 0 2 3 2 3 2 3 1 2 1 2 1 0 0 3 1 0 1 0 3 2 2 3 0 0 1 2 0 2 1 2 1 0 3 0 3 1
3 3 0 3 3 1 2 3 1 3 1 0 3 3 2 0 1 3 1 2 1 2 0 2 0 3 3 0 3 3 1 0 2 3 0 2 1 0 0 1 3 1 3 1
2 3 2 2 3 2 0 1 3 0 0 3 3 2 3 0 2 2 0 2 2 1 2 1 3 1 3 1 0 3 3 1 1 3 3 1 1 2 1 0 3 1 3 2
2 2 3 1 2 0 1 1 3 2 3 3 1 2 3 2 1 2 3 1 2 2 1 0 2 0 3 0 2 1 1 0 2 3 3 3 2 2 1 1 3 2 1 3
3 1 2 3 3 2 2 1 2 2 0 1 0 0 2 0 1 2 1 2 3 3 0 1 2 1 1 0 3 0 3 3 1 0 3 3 2 2 0 3 3 0 3 1
1 0 2 0 0 0 1 1 3 3 2 1 1 1 2 2 1 0 2 1 2 0 0 0 2 0 0 2 2 0 0 1 3 3 2 1 1 2 1 0 0 1 1 1
1 0 0 0 3 0 2 1 2 3 3 1 3 1 0 3 1 2 0 0 2 2 2 2 1 3 3 0 2 0 1 3 3 3 3 1 0 1 3 0 0 1 2 0
0 1 3 1 0 2 0 2 3 2 1 3 2 2 0 2 1 0 1 3 0 0 1 3 1 0 2 1 3 3 0 0 1 0 2 1 2 0 3 1 1 2 1 0
1 2 2 0 2 3 3 3 3 1 0 0 0 1 3 2 2 3 0 1 1 0 1 3 0 0 2 0 2 3 0 3 2 2 0 1 3 1 3 1 1 2 2 1
1 3 0 1 3 1 1 1 0 1 2 2 3 2 3 0 0 0 3 2 2 0 1 1 1 3 1 1 0 1 1 1 1 3 0 0 3 2 1 0 2 0 0 0
1 2 0 2 2 3 3 2 2 3 3 2 3 0 0 2 0 2 1 0 3 3 0 2 1 1 2 2 0 3 3 1 0 2 3 1 2 3 1 1 3 1 3 2
2 1 2 1 1 1 3 2 3 1 2 1 0 0 0 2 3 1 0 0 2 1 3 1 3 2 3 2 0 3 1 3 2 2 3 0 3 3 2 1 3 2 0 2
2 0 0 0 0 1 3 3 1 0 0 2 3 0 2 0 0 3 3 0 2 0 1 3 3 2 2 1 1 2 2 3 2 3 0 0 2 2 0 0 3 2 0 0
3 1 3 2 2 1 3 0 0 3 2 2 0 2 0 1 0 3 2 0 2 2 2 0 1 3 2 0 2 1 2 1 2 1 1 2 1 0 1 0 2 2 0 2
3 1 3 2 3 1 3 0 1 2 1 0 2 3 3 0 0 1 1 0 3 3 1 1 2 2 1 1 1 1 3 1 0 2 1 2 0 2 3 2 1 0 2 0
0 1 2 0 3 1 0 0 0 1 0 0 3 3 1 0 2 3 1 2 0 2 0 1 1 0 1 2 3 1 3 1 0 1 1 2 0 1 2 1 0 2 3 1
0 0 2 2 0 0 0 2 0 1 2 3 1 3 3 3 1 1 0 2 3 3 1 3 3 0 1 0 0 0 3 0 3 2 0 2 3 2 1 3 2 3 2 2
2 2 1 1 3 0 0 0 1 3 3 2 2 1 1 0 2 1 0 2 0 1 1 2 2 1 0 2 0 0 0 3 0 3 3 2 2 2 1 1 3 1 2 2
3 1 3 3 3 2 3 2 2 0 3 2 1 1 1 2 3 0 2 2 1 1 1 2 0 2 3 2 1 1 0 2 0 0 1 0 1 3 0 0 2 0 1 1
3 2 1 2 2 0 1 3 2 1 1 1 2 3 3 3 1 3 2 2 1 1 1 1 0 3 1 2 0 1 1 0 2 1 2 3 2 0 0 3 1 1 1 0
0 0 1 2 0 1 3 3 1 3 0 0 3 0 1 0 0 2 2 2 2 0 0 2 1 1 0 1 1 3 2 1 3 2 1 3 2 3 0 3 2 1 0 2
2 3 3 2 2 2 3 0 0 0 3 0 0 2 1 1 3 3 0 3 0 1 1 0 0 3 1 2 1 3 0 1 3 1 1 1 3 2 2 2 0 2 0 3
0 2 3 0 0 3 0 0 1 3 1 2 3 3 3 0 3 2 1 2 1 3 3 2 2 3 3 3 0 2 2 2 3 3 1 2 0 2 1 3 1 2 2 2
0 2 2 0 2 3 2 2 2 2 0 2 3 3 1 2 3 0 1 2 0 0 2 3 1 1 0 1 2 0 3 0 2 2 0 3 0 0 1 1 3 3 1 0
2 1 2 3 2 0 0 2 3 3 3 1 0 2 3 3 3 1 3 2 2 1 1 3 1 0 1 3 3 0 0 0 3 1 0 1 3 2 2 1 3 1 1 1
0 1 3 3 0 3 1 0 3 2 2 1 2 0 0 0 2 2 2 3 2 3 1 1 0 1 3 1 0 0 1 3 1 0 3 0 0 0 1 2 2 0 1 2
2 3 0 1 3 3 2 2 3 0 1 1 2 1 3 2 0 0 3 0 0 2 0 2 3 2 0 2 0 3 0 2 1 0 2 3 3 2 2 0 2 3 2 1
2 1 0 3 2 0 3 1 0 3 1 3 2 0 0 3 2 0 0 3 1 1 2 0 3 3 0 2 1 3 0 0 1 3 0 3 1 0 0 3 2 2 3 0
3 3 0 1 3 3 0 0 0 1 2 0 1 1 0 3 3 0 1 2 3 0 1 1 0 1 3 2 1 0 3 0 1 0 2 2 1 2 0 1 0 0 3 1
3 3 3 1 0 0 2 2 1 3 3 2 2 1 1 3 0 2 3 3 1 1 2 3 3 0 1 1 2 3 0 0 0 1 3 1 3 3 2 0 1 0 1 3
1 1 0 0 2 1 3 3 2 3 2 1 3 3 3 1 2 3 1 2 1 1 0 1 2 3 0 0 3 2 0 2 3 1 3 3 2 3 0 1 3 1 1 1
2 1 0 0 0 3 1 3 3 2 3 3 0 2 2 1 0 0 0 3 3 3 2 3 3 0 3 1 3 0 3 0 0 3 2 2 2 2 2 1 0 3 2 3
3 0 3 0 2 2 2 1 3 0 0 0 0 0 2 2 3 0 2 1 0 0 3 1 3 2 1 0 3 3 1 1 2 1 3 0 3 0 3 2 2 3 3 2
0 2 2 0 2 1 1 0 3 1 2 0 2 2 2 0 3 1 3 0 3 3 1 3 3 1 1 1 1 2 0 0 0 2 1 1 2 3 3 3 1 3 1 1
0 2 1 0 1 3 0 2 0 2 2 2 1 1 1 3 3 3 2 3 1 2 3 2 0 2 0 2 2 3 2 3 3 2 0 3 2 2 1 0 0 2 3 0
188
16 39
20 18
12 15
36 14
18 13
45 21
25 31
44 13
2 1
44 27
17 19
41 40
31 22
24 2
20 27
42 11
26 27
34 31
39 2
39 14
38 24
44 43
7 44
8 37
21 1
1 39
8 33
40 29
10 25
32 37
36 11
4 3
34 26
32 22
21 9
5 30
11 5
1 13
39 28
12 40
41 2
6 40
33 38
31 32
12 11
24 8
36 16
28 26
14 14
36 34
20 40
13 26
24 44
1 43
47 14
21 33
10 5
35 1
36 44
4 18
16 2
16 22
46 22
5 43
23 21
5 33
24 44
15 9
30 4
13 11
11 3
5 38
1 9
30 30
32 2
16 11
10 42
41 15
43 17
22 3
29 5
1 20
10 15
41 16
1 28
32 16
13 11
7 7
20 1
11 10
44 27
9 40
41 37
1 8
29 44
44 18
8 43
45 20
47 31
16 2
21 42
31 33
7 35
4 35
43 41
29 44
22 30
9 30
34 28
45 2
18 20
38 6
46 16
19 37
7 1
31 6
26 8
4 8
43 5
19 28
11 42
16 18
2 2
38 14
32 10
23 43
26 12
39 4
11 39
5 14
44 20
11 25
35 28
5 36
3 12
33 2
23 23
25 14
32 35
36 44
44 26
10 37
24 23
47 15
11 42
17 13
7 22
7 26
23 26
44 11
25 35
45 42
44 8
8 2
15 22
15 30
2 36
43 39
14 31
34 36
40 41
38 17
5 9
20 37
2 17
24 4
4 5
11 12
43 32
17 14
4 16
19 44
5 19
28 26
20 27
7 25
32 11
24 23
25 25
9 28
20 32
32 26
40 36
14 6
10 10
34 27
34 5
43 19
