200 205
1 1 1 0 1 1 1 1 0 0 1 1 1 0 0 1 1 1 0 1 1 1 1 1 0 1 0 1 0 1 0 1 1 0 0 0 0 1 1 1 0 1 1 1 0 0 0 0 1 1 1 0 1 1 1 0 0 1 1 1 1 0 1 1 0 0 0 0 1 0 1 1 0 1 1 1 1 0 1 1 1 0 0 1 1 1 1 0 0 0 0 1 1 0 0 1 1 1 0 0 0 0 0 1 0 0 0 1 1 0 0 1 1 0 1 0 1 0 1 0 1 1 1 1 0 0 0 0 0 0 1 1 0 1 0 1 1 1 1 1 1 0 0 0 1 0 1 1 1 1 0 1 1 1 0 0 1 0 1 0 0 1 0 0 0 1 1 0 1 0 0 1 0 1 1 0 0 0 1 0 0 0 0 1 1 1 0 1 1 1 0 1 0 0 0 0 0 1 1 1 0 0 1 0 1
0 0 1 1 0 1 1 0 1 0 1 0 1 1 0 0 0 1 1 0 0 1 0 1 0 0 1 0 1 0 1 0 1 0 1 1 1 0 1 0 0 1 0 1 1 1 1 0 1 0 0 1 0 0 0 0 0 1 1 1 0 0 1 1 0 1 0 0 1 1 0 1 0 1 0 1 0 1 0 1 1 1 1 1 1 0 1 0 0 1 1 0 1 0 1 0 1 1 1 0 1 0 1 0 1 1 0 1 1 1 0 1 1 1 1 0 0 0 1 1 0 1 0 0 1 0 0 0 0 0 1 0 0 0 0 1 0 0 0 1 0 0 0 1 0 0 0 0 1 0 0 0 1 0 0 0 0 1 0 1 0 1 0 1 0 1 1 1 0 1 0 0 0 0 1 0 0 0 1 1 0 0 1 0 1 0 1 0 0 0 0 0 1 1 0 0 1 1 0 1 1 1 1 0 1
0 1 1 0 1 0 0 1 0 0 1 0 0 0 0 1 1 0 1 1 1 1 1 0 1 1 1 0 1 0 0 1 0 0 0 1 1 1 0 0 1 1 0 1 0 1 0 1 0 0 1 0 1 1 1 1 0 1 0 1 1 1 0 0 0 1 0 1 0 0 0 1 0 1 0 1 1 0 1 0 0 1 1 1 1 0 1 0 1 1 1 1 0 0 0 1 0 0 0 1 1 0 1 0 0 1 1 0 0 0 1 1 1 0 1 0 1 0 1 1 1 1 0 0 0 0 1 1 1 1 0 1 0 1 0 0 0 0 0 1 1 1 1 1 1 0 1 0 1 1 0 1 1 1 1 0 0 1 1 0 0 1 0 1 1 1 0 0 0 0 1 0 1 0 1 0 0 0 0 0 1 1 1 0 1 0 1 0 0 0 1 0 0 1 1 1 0 0 0 0 0 1 0 1 0
1 1 1 1 0 1 0 0 0 0 1 0 0 1 1 1 1 1 1 0 1 1 0 1 1 0 0 0 1 0 1 1 0 1 0 0 0 1 0 0 1 0 0 0 0 0 1 1 1 1 0 0 0 1 1 1 0 1 1 0 1 1 1 0 0 0 1 1 0 1 1 1 0 0 0 0 0 0 1 1 0 1 1 1 1 0 0 0 1 0 1 1 0 0 0 0 1 0 0 1 1 0 0 0 1 1 1 0 0 1 0 0 1 1 0 1 0 0 1 1 0 1 1 0 0 1 1 0 1 1 0 1 1 0 1 1 0 0 1 1 0 1 0 0 0 0 1 1 0 1 0 1 0 1 0 0 1 0 0 1 0 0 0 0 1 1 0 1 1 1 0 1 1 1 1 0 1 0 0 1 1 1 1 0 0 0 0 1 1 1 0 1 0 1 0 1 0 1 0 1 1 0 1 0 1
1 1 1 1 0 0 1 1 1 0 1 0 0 1 1 1 1 1 1 1 0 1 0 1 1 0 0 1 0 1 0 0 0 1 1 1 0 0 1 0 0 1 1 0 0 1 1 1 0 0 0 1 1 1 1 1 1 1 0 1 1 1 1 1 0 1 1 1 0 0 1 1 0 1 1 0 0 0 1 1 0 1 0 1 1 1 1 0 1 0 1 0 1 0 0 0 0 1 1 1 1 0 0 0 0 0 1 0 1 0 0 0 1 1 0 1 1 1 0 0 1 0 0 1 1 1 1 1 1 0 1 0 1 1 1 1 0 0 1 1 1 1 1 1 0 1 0 1 0 0 1 1 0 0 1 1 0 1 1 0 0 1 1 1 1 0 1 0 1 1 1 1 0 0 0 1 1 1 1 0 0 1 1 0 1 0 1 0 0 1 0 0 1 1 1 1 0 1 1 1 0 1 0 0 0
1 0 1 1 1 1 0 0 0 0 1 0 1 1 0 0 0 0 0 0 1 1 0 0 1 0 0 0 1 0 1 1 1 1 0 1 0 1 0 0 1 0 0 1 1 0 0 0 1 0 0 1 0 0 1 0 1 1 1 1 1 0 1 0 0 1 0 0 1 0 1 1 0 1 0 0 0 1 0 0 0 0 0 1 0 1 1 1 1 0 1 0 0 0 0 0 0 1 0 0 1 1 0 0 0 0 1 0 0 1 1 1 0 1 0 1 0 0 1 1 0 0 1 1 0 1 1 0 0 1 0 1 0 0 0 1 1 1 0 1 0 0 1 1 0 1 0 0 0 1 0 1 0 0 1 0 1 1 0 1 1 0 1 1 1 1 0 1 0 1 1 1 0 0 1 1 1 1 1 1 1 1 1 0 1 1 1 1 1 1 0 0 0 1 0 0 0 0 0 1 0 1 0 0 0
1 1 1 1 0 0 0 0 0 1 1 0 0 0 0 1 0 1 1 0 0 0 0 0 1 1 0 0 1 1 1 1 1 1 0 1 1 0 1 1 0 1 0 0 0 1 1 0 1 1 1 0 1 1 1 1 0 1 1 0 0 0 1 0 1 0 1 1 1 0 0 0 0 1 0 1 1 0 0 1 1 1 0 0 1 0 1 0 1 0 1 1 0 0 0 1 0 1 0 1 1 0 0 1 0 0 0 1 1 1 1 1 1 0 1 1 0 1 1 1 0 1 1 0 0 0 1 1 0 0 1 0 1 0 1 1 0 1 0 1 1 1 1 0 1 0 0 0 1 0 0 0 0 0 0 0 0 0 0 1 1 1 1 0 0 0 1 0 0 0 0 0 1 0 1 0 0 1 1 1 0 0 1 1 1 1 0 0 1 1 0 1 1 0 1 0 0 0 1 1 0 0 0 0 1
1 0 1 1 1 1 0 1 1 0 1 0 1 1 0 1 1 1 0 0 0 1 0 1 1 0 1 1 0 1 1 0 0 0 1 1 1 1 1 1 0 1 0 1 1 1 1 1 1 0 1 1 0 0 1 1 1 0 1 0 0 0 0 1 0 1 1 0 1 0 0 1 1 1 1 1 0 1 1 1 1 0 0 0 1 0 0 0 0 0 1 0 0 0 0 1 0 1 0 0 1 0 0 0 0 1 1 0 1 1 1 1 1 0 1 0 0 1 1 0 1 0 0 1 1 1 0 1 0 1 1 0 0 1 1 1 0 0 0 1 1 0 0 0 1 1 0 1 1 1 1 0 1 1 0 1 1 0 0 0 1 0 0 0 1 0 0 1 1 0 1 0 1 0 1 1 1 0 0 1 0 1 0 0 1 1 1 0 1 0 0 1 1 1 1 1 1 0 0 0 0 0 0 1 1
1 1 1 1 0 0 1 0 0 0 0 1 1 0 1 0 1 0 1 1 0 1 1 1 1 1 1 0 1 1 1 1 0 1 0 0 1 0 0 0 0 0 0 0 1 0 1 1 0 0 1 0 0 1 0 1 1 0 1 0 0 0 1 0 0 1 1 0 0 0 1 1 0 0 0 1 1 0 1 1 1 0 0 1 1 0 1 1 0 1 1 0 1 0 0 1 0 0 0 0 1 0 1 0 0 0 0 1 1 0 0 0 0 0 0 0 1 0 1 1 1 0 0 0 1 1 0 0 1 1 0 1 0 1 1 0 1 0 1 0 0 1 0 1 0 1 0 0 0 1 1 0 0 0 0 1 1 0 0 0 0 1 1 1 0 1 1 1 0 1 1 1 1 0 1 0 0 1 1 0 0 0 1 0 1 1 1 0 1 0 0 0 0 1 0 0 0 1 1 0 1 0 1 0 1
1 1 0 0 0 1 0 0 0 1 1 1 0 0 0 0 1 0 0 0 1 0 1 0 1 1 0 1 1 0 0 1 0 1 1 1 1 1 0 1 1 1 1 1 1 0 1 0 0 0 1 0 1 0 0 0 1 1 0 0 0 1 0 0 0 0 1 0 1 0 1 1 0 1 1 1 1 1 0 1 0 0 0 0 0 0 1 1 1 0 1 1 0 1 0 1 0 1 0 0 0 0 1 0 0 1 1 1 1 0 0 0 1 0 0 0 0 1 1 1 0 0 0 0 0 0 1 0 1 1 1 0 1 0 0 0 0 1 0 1 1 1 1 0 0 0 1 1 1 1 0 1 1 0 0 1 1 0 0 1 0 0 1 0 0 1 0 0 0 0 0 0 1 0 0 1 0 0 0 1 1 0 0 1 0 1 0 0 0 1 0 0 0 0 1 1 1 0 0 1 0 1 1 0 1
1 1 1 1 1 1 0 0 0 0 1 1 1 1 1 1 0 1 1 0 0 0 0 0 1 0 0 0 1 1 1 0 0 1 1 0 1 0 1 0 0 0 0 0 0 0 0 0 1 0 0 0 0 1 1 0 0 1 1 1 0 1 1 0 0 0 0 0 0 1 1 0 1 0 0 1 0 0 0 0 0 1 1 1 1 0 0 0 1 0 0 1 0 1 0 1 0 1 0 1 0 0 1 0 1 1 0 1 0 0 0 1 1 0 0 0 0 1 0 0 0 0 0 0 1 0 1 0 0 1 1 0 0 1 0 0 1 1 0 1 0 0 0 0 0 1 1 0 1 0 1 0 0 0 1 1 0 0 0 1 0 1 1 0 1 1 0 0 1 1 0 0 1 1 0 1 0 1 0 0 1 1 1 1 0 1 1 1 0 0 0 0 0 0 0 0 1 1 0 0 0 0 1 1 1
1 1 0 1 1 1 1 1 0 1 1 0 0 0 0 1 1 0 1 1 0 1 1 0 1 0 1 1 1 0 1 0 0 0 1 1 1 0 0 1 0 0 1 0 1 1 0 0 1 1 1 1 1 0 0 1 1 1 1 0 0 1 1 1 1 1 1 1 0 0 0 0 0 0 0 0 0 1 1 0 1 0 1 0 0 0 1 0 1 0 1 0 0 1 0 0 0 0 1 0 1 0 0 1 1 1 1 0 1 0 0 1 1 1 1 1 0 1 0 1 0 1 1 1 1 1 0 0 1 0 0 1 1 1 0 1 0 0 1 0 0 1 1 1 1 1 0 0 1 1 0 1 1 1 1 0 1 1 0 0 0 0 0 0 1 1 1 0 1 1 0 0 1 1 1 0 0 1 0 0 0 1 1 1 0 0 1 0 1 1 0 1 1 0 1 0 1 0 0 0 0 1 0 1 1
0 0 1 0 0 0 1 1 0 0 1 1 1 0 1 1 0 0 0 0 0 0 1 1 1 1 1 1 0 0 1 0 1 1 0 1 0 0 1 0 0 0 1 0 0 1 1 0 1 1 1 1 0 1 0 0 1 1 1 0 0 1 1 0 0 0 1 0 1 1 0 1 1 1 0 0 1 1 1 1 0 1 1 0 0 0 0 1 0 1 1 1 1 1 1 1 0 0 0 1 1 1 0 0 1 0 0 0 0 1 0 0 1 1 1 1 1 1 0 1 0 0 0 0 1 1 0 1 1 1 0 0 1 1 0 1 1 1 1 1 1 0 1 1 1 0 1 1 0 1 1 1 1 1 0 1 1 1 0 0 0 0 1 1 1 0 0 0 0 0 0 0 0 1 0 0 0 1 1 0 0 1 0 0 0 1 0 1 1 1 1 1 0 0 0 1 1 0 1 0 0 1 0 1 1
0 0 1 0 1 0 1 1 1 0 1 1 1 1 0 1 1 0 1 1 0 0 1 1 1 1 1 1 0 0 0 1 0 1 1 0 1 0 0 0 0 0 0 1 0 0 1 1 1 0 0 1 0 0 0 0 1 1 1 0 0 0 0 1 1 1 0 1 1 1 1 0 0 0 1 0 0 1 0 0 0 0 0 0 1 0 1 0 0 0 1 0 1 1 0 0 0 0 0 1 0 0 1 1 1 1 1 0 1 1 0 0 1 0 0 1 1 0 1 1 0 1 1 0 1 1 0 0 0 1 1 0 0 0 0 0 1 0 0 0 0 1 1 0 1 0 1 1 0 0 1 1 0 0 0 1 0 1 0 0 1 0 1 1 1 0 0 1 0 1 1 1 1 1 1 1 1 1 1 1 1 0 1 0 0 1 0 1 1 0 1 0 0 1 1 0 1 0 1 0 1 1 1 0 0
0 0 0 0 1 1 0 0 1 1 0 0 0 1 0 1 1 0 1 1 1 0 0 0 0 1 1 1 1 0 0 0 0 0 1 1 1 1 1 1 1 1 0 1 1 1 0 1 0 0 0 1 0 0 1 0 0 0 1 0 0 1 1 1 0 1 0 0 0 1 0 1 1 1 1 0 1 0 0 0 0 0 1 1 0 1 1 0 1 0 1 0 1 0 0 1 0 1 1 0 0 0 0 0 0 1 0 1 1 1 1 1 0 0 0 0 1 1 1 0 0 1 0 1 1 0 0 0 0 1 1 0 1 1 0 1 1 0 0 1 0 1 1 0 1 0 0 0 0 1 1 0 1 0 1 1 1 0 0 1 1 1 1 0 1 0 1 1 1 0 1 1 0 1 0 0 0 0 0 0 1 0 1 1 1 0 1 1 0 0 1 1 0 0 1 0 0 1 0 1 0 1 0 1 0
1 0 1 1 1 0 0 1 0 1 0 1 1 0 0 1 1 0 0 1 0 1 0 0 1 1 1 1 1 1 0 0 0 0 1 1 0 0 1 0 0 0 1 1 0 1 1 1 1 0 1 1 1 1 0 1 1 0 1 0 0 1 0 0 1 1 1 0 1 1 1 0 1 0 1 1 1 0 0 1 1 0 1 1 1 0 0 0 0 1 1 0 0 1 1 1 0 0 1 0 0 0 1 1 0 1 0 1 0 1 0 0 0 1 0 0 1 1 1 0 0 1 1 0 1 0 0 0 1 1 1 1 1 1 1 0 0 1 1 1 1 1 1 0 0 1 1 1 1 0 0 0 1 1 1 1 1 0 1 0 1 0 0 1 0 1 1 1 0 1 0 1 1 1 0 0 1 0 0 0 1 1 0 1 1 0 0 1 0 0 0 0 1 1 0 0 0 1 0 1 0 1 0 1 1
0 1 0 1 0 1 0 1 1 1 0 1 0 1 0 1 0 0 1 1 1 1 1 1 1 0 1 1 1 0 1 0 1 1 1 0 1 1 0 0 1 1 0 0 1 1 1 0 0 0 1 0 0 1 0 1 1 1 0 1 0 1 1 0 0 0 1 1 0 0 1 0 1 0 0 1 0 0 0 1 0 1 0 1 1 0 1 1 1 1 1 0 1 0 0 1 1 1 0 0 1 1 0 1 1 0 0 1 1 1 0 1 0 1 0 0 1 0 0 0 1 0 0 1 1 0 1 0 1 0 1 0 1 0 1 0 1 0 1 0 0 1 0 1 1 0 1 1 0 0 1 0 1 1 0 1 1 1 1 0 1 0 1 1 1 0 0 0 0 0 1 1 1 1 1 1 1 0 0 0 0 1 1 0 0 0 0 0 1 1 1 1 0 0 1 0 0 0 1 1 0 1 1 1 0
0 0 1 0 1 0 0 1 1 1 0 1 0 1 0 1 1 1 1 1 0 0 1 1 1 0 1 0 0 1 1 1 0 1 1 1 0 0 1 0 1 1 0 1 1 1 1 0 0 0 1 0 0 1 0 0 0 0 1 0 1 0 1 1 1 1 0 0 0 1 0 1 1 1 1 1 0 0 0 1 1 0 0 0 0 1 1 0 0 0 1 0 0 0 1 1 0 1 1 1 0 1 0 0 0 0 1 1 1 0 1 0 0 1 1 0 0 0 0 0 0 0 1 1 1 1 0 1 1 1 0 0 1 1 1 1 0 1 1 1 0 0 1 0 1 1 1 0 1 0 0 1 0 0 1 0 0 0 1 0 1 1 1 1 1 0 0 1 1 1 1 0 1 0 1 0 0 0 1 0 0 1 1 1 1 0 1 0 0 0 1 0 1 0 1 0 1 0 1 1 1 0 1 1 0
1 1 0 0 0 1 0 0 0 1 1 0 0 0 1 0 1 1 1 0 1 1 1 1 0 0 1 0 0 1 0 0 1 1 1 0 0 1 0 1 1 0 1 0 0 0 1 1 0 0 1 1 1 0 1 1 0 0 1 1 0 0 0 1 1 0 0 0 1 0 0 0 0 1 0 0 1 1 1 1 0 0 1 1 1 1 1 0 0 0 1 0 1 0 0 1 1 1 1 1 1 0 1 1 0 0 0 1 0 0 1 1 0 0 0 0 0 1 1 0 0 1 0 0 0 1 1 1 0 0 0 1 0 0 1 0 1 1 1 1 1 0 0 1 1 0 1 1 0 1 0 0 1 0 0 1 0 0 1 1 0 0 0 0 0 0 0 1 0 0 0 0 1 1 0 1 0 1 0 1 1 1 1 0 1 0 1 0 0 0 0 1 1 1 0 1 1 0 0 0 0 1 0 0 1
1 0 1 1 1 0 1 1 1 1 0 1 1 1 0 1 0 0 1 0 0 1 0 0 1 0 0 1 1 1 1 1 1 1 1 0 1 1 1 1 1 1 0 1 1 1 1 0 0 0 0 1 1 1 1 0 1 0 1 0 1 0 0 1 0 0 1 0 0 0 1 0 1 0 0 1 1 0 0 1 0 0 1 0 1 1 0 0 0 1 0 0 1 1 1 0 1 0 1 1 0 1 0 0 0 1 0 0 0 0 1 1 0 0 1 1 0 1 0 1 0 0 1 1 1 0 0 1 1 1 1 1 0 0 0 0 1 1 1 1 1 1 0 1 1 0 1 1 1 0 0 1 0 0 0 1 0 1 0 1 0 0 0 0 0 0 0 0 1 0 1 1 1 0 1 1 1 1 0 1 0 1 1 1 1 1 0 1 0 0 1 0 1 0 0 0 1 0 1 0 1 1 0 1 0
1 1 1 0 0 0 0 1 1 1 1 1 0 0 0 0 0 1 0 0 1 0 0 1 0 0 1 0 1 1 1 0 0 0 0 1 0 1 0 1 0 0 1 1 0 0 1 1 1 0 0 0 1 1 1 0 1 0 1 1 0 0 0 0 0 0 0 0 1 0 1 1 0 0 0 0 0 1 1 1 1 1 0 0 0 1 0 1 0 1 1 0 1 1 0 0 1 1 1 0 1 0 1 1 1 0 0 1 1 0 0 1 1 0 1 0 0 0 1 1 1 0 0 0 1 0 0 1 1 0 0 1 0 1 1 0 0 1 0 0 1 0 1 0 0 0 1 1 0 1 1 0 0 0 1 1 1 0 1 0 0 1 0 1 0 1 0 1 0 0 1 1 0 1 1 0 1 0 0 0 0 0 0 0 1 0 0 1 1 0 1 0 0 0 0 1 1 0 1 0 0 0 0 1 1
0 1 0 1 0 1 0 0 0 0 1 1 1 0 0 0 0 0 0 1 0 1 1 1 0 1 0 1 1 1 1 1 0 0 0 0 0 1 0 0 0 1 0 1 1 1 1 0 1 1 0 1 1 0 1 0 1 0 0 0 1 0 0 0 1 1 1 1 1 1 0 0 0 1 1 0 1 0 0 1 0 0 1 1 1 1 0 0 0 1 1 1 0 1 0 1 1 1 0 1 0 0 1 1 1 0 0 1 1 0 0 1 1 1 1 1 1 0 1 1 1 0 0 1 0 1 1 1 0 0 1 1 0 0 1 0 0 0 0 1 0 0 1 1 0 1 1 0 1 0 0 1 0 0 1 1 0 0 0 1 1 0 1 1 0 1 0 1 1 0 0 0 1 0 1 0 1 1 0 0 0 0 1 0 0 1 0 0 1 1 0 1 0 0 1 0 0 1 0 0 1 1 1 0 0
1 0 0 0 0 0 0 0 0 1 0 0 0 1 0 0 1 0 1 1 1 1 0 0 0 0 1 1 0 1 1 0 0 1 1 0 0 1 0 1 0 1 0 0 1 1 0 1 0 1 1 1 1 0 1 0 1 1 1 0 1 1 0 1 1 1 1 1 0 1 1 1 0 0 0 1 0 1 1 0 1 1 0 1 1 0 1 1 1 1 0 1 0 1 1 1 1 1 0 1 0 1 0 0 1 1 0 0 1 1 1 0 0 1 1 0 0 0 1 0 1 1 1 1 0 1 0 1 1 0 1 0 1 0 1 0 0 1 0 1 1 0 1 1 0 1 0 0 0 0 0 0 1 0 1 1 1 1 0 1 1 1 1 1 1 0 1 1 0 0 1 1 1 0 0 1 0 1 0 0 0 1 0 0 0 0 0 0 1 0 0 0 1 1 1 1 1 1 0 1 0 0 1 1 0
1 0 0 1 1 1 0 0 0 1 1 0 1 1 1 0 1 1 0 1 1 1 0 1 0 0 0 1 0 1 1 1 0 0 0 0 0 1 0 0 0 1 1 0 1 1 1 1 0 0 1 0 1 1 1 0 0 0 0 1 1 0 1 0 0 1 1 0 1 1 0 1 0 1 0 0 1 1 1 1 1 1 0 0 1 1 1 1 0 1 1 1 0 0 0 0 0 1 0 0 1 1 0 1 1 1 0 0 0 1 1 1 0 1 0 1 1 1 1 0 1 0 0 0 0 1 0 1 1 1 1 0 0 1 1 0 0 1 1 0 0 0 0 1 1 1 1 1 1 0 1 1 1 1 0 1 0 1 0 1 1 1 0 1 1 1 1 1 0 1 0 1 1 0 1 1 1 1 0 1 0 1 1 0 0 1 0 0 1 1 1 0 1 0 0 1 1 1 1 0 1 0 0 0 0
1 1 1 0 0 1 0 0 1 0 0 1 0 0 1 0 1 0 1 0 1 0 0 0 1 0 1 0 1 0 0 1 1 0 1 1 1 0 1 1 1 1 0 0 0 0 0 1 1 1 1 1 0 1 1 0 1 0 1 1 0 1 0 0 0 1 0 0 1 1 0 0 1 0 0 0 1 1 0 0 0 1 1 1 0 1 1 1 1 1 1 1 0 0 1 1 1 0 1 1 0 0 0 1 1 1 1 0 1 1 0 1 0 0 1 1 1 0 1 1 0 1 1 1 1 1 0 1 1 1 1 0 0 1 1 0 1 0 1 0 0 1 1 1 1 1 0 0 1 1 1 0 0 0 0 1 0 0 1 1 0 0 1 0 0 1 1 1 1 1 0 0 1 1 1 0 0 1 1 1 0 0 1 1 1 0 0 1 0 1 0 0 1 1 0 1 1 0 0 0 1 1 1 0 0
0 1 1 1 0 1 1 1 0 0 0 1 0 0 0 0 0 0 1 1 1 1 0 0 1 1 0 0 0 0 1 0 1 1 1 0 0 1 0 1 0 1 0 0 1 1 1 1 0 1 0 1 1 0 1 1 0 0 0 1 0 1 1 0 1 1 0 1 0 1 0 0 1 0 1 0 1 0 1 0 1 0 0 0 1 1 0 1 1 1 0 0 0 0 0 0 1 0 0 1 0 1 1 0 1 1 1 1 0 1 1 0 1 1 0 1 1 1 0 1 1 1 0 0 0 1 1 0 1 0 1 1 1 0 0 1 1 1 1 1 0 1 0 1 0 0 1 0 1 1 0 0 1 0 1 1 0 0 1 0 1 0 1 1 1 0 1 1 0 0 0 1 1 0 0 0 1 0 1 0 1 1 0 1 1 1 0 0 1 1 1 1 0 0 1 0 0 1 1 0 1 1 0 1 1
1 0 0 0 1 1 0 1 0 0 0 1 1 1 0 1 0 1 1 0 0 1 1 1 1 1 1 1 1 0 0 0 1 1 1 0 1 1 0 1 1 1 0 0 1 1 1 0 0 0 0 1 0 1 1 0 0 0 1 0 0 0 1 0 0 1 1 1 0 0 0 1 1 1 1 1 0 0 1 1 0 0 1 0 1 1 1 1 0 1 1 1 0 1 1 1 1 1 0 1 0 0 0 0 0 1 0 0 1 0 1 1 0 0 1 0 0 0 0 0 1 1 0 1 1 1 1 0 1 0 0 1 0 1 1 0 1 0 1 1 1 0 0 1 1 1 1 1 0 0 1 0 0 1 0 1 1 0 0 1 1 1 1 0 1 1 1 0 0 0 0 0 1 1 1 1 1 1 1 0 0 0 0 1 0 1 0 0 1 0 1 0 0 0 1 1 0 1 0 1 0 0 0 0 0
1 1 0 0 1 0 1 1 1 0 0 0 0 0 1 0 0 1 1 1 0 1 1 1 0 0 1 1 0 1 0 0 0 0 1 1 1 0 0 0 0 0 1 1 0 1 1 0 0 1 0 1 0 0 1 1 0 0 1 0 1 1 1 1 1 0 0 0 1 0 0 1 1 0 1 1 0 0 0 1 1 0 1 0 0 0 1 0 1 0 1 1 1 1 1 0 0 0 0 1 1 0 1 1 0 0 1 0 0 0 0 0 0 0 1 1 1 1 1 0 0 1 0 1 1 1 1 1 0 0 1 0 0 1 0 1 1 0 1 0 0 1 0 0 0 0 0 0 1 1 0 0 0 0 1 1 0 0 1 0 0 1 1 0 1 0 1 0 1 0 1 1 1 0 0 1 0 0 1 1 0 1 0 0 0 0 1 0 1 0 1 0 0 0 0 1 0 1 1 0 1 0 0 0 1
1 0 0 0 1 1 1 1 0 1 1 0 1 0 0 0 0 0 1 0 1 1 0 1 1 1 1 0 0 0 0 0 0 0 1 0 1 0 1 1 1 1 1 0 1 1 1 0 0 1 0 1 1 1 0 1 1 1 0 1 0 1 0 0 1 0 1 0 1 0 1 0 1 0 0 0 1 1 1 0 1 1 0 1 1 1 0 1 1 0 1 0 0 0 1 1 0 0 1 1 0 0 1 1 0 0 0 0 0 0 1 1 1 1 0 0 0 1 1 0 0 1 0 0 0 1 1 1 0 0 1 0 0 1 1 0 1 1 0 0 0 0 0 0 1 1 0 0 0 0 0 0 1 1 0 1 0 1 1 0 1 1 0 0 1 1 1 1 0 0 1 1 0 0 0 1 0 0 0 0 0 0 0 0 1 1 0 0 0 0 0 1 0 0 0 0 0 0 0 1 0 1 0 0 0
1 0 0 1 1 1 0 0 1 0 1 0 1 1 0 0 0 1 0 1 1 1 0 1 1 1 0 1 1 0 0 1 0 0 0 1 0 0 0 1 1 1 0 1 0 1 1 0 1 1 0 1 1 1 1 0 0 1 0 0 1 0 1 0 1 1 0 0 1 1 0 1 0 1 1 0 0 1 0 1 0 1 1 1 0 1 1 1 0 1 1 1 1 0 1 1 1 0 0 1 1 0 0 1 0 0 0 0 0 0 0 1 0 0 1 1 1 0 1 1 1 0 0 0 1 0 0 0 0 0 1 0 1 0 0 0 0 1 1 0 1 1 1 1 1 1 1 1 0 0 1 0 0 0 0 0 1 0 0 0 0 1 0 0 0 1 1 0 1 1 0 1 1 1 0 1 0 1 1 0 1 0 1 1 0 1 0 1 1 0 1 1 1 1 0 0 1 1 0 0 0 0 1 0 1
1 1 1 1 1 0 1 0 0 1 0 1 1 0 0 1 1 0 1 1 1 0 1 1 1 1 1 1 0 0 0 0 0 1 0 0 1 1 1 0 1 0 1 1 1 1 1 0 0 1 0 1 1 1 1 1 1 0 0 0 0 1 0 0 1 1 1 0 0 0 1 1 1 1 1 0 0 1 0 1 1 0 1 0 1 0 0 1 0 0 0 0 0 1 0 1 1 1 0 0 0 0 1 1 0 0 1 1 0 1 1 1 0 1 0 0 0 0 1 0 1 0 0 0 1 1 0 1 0 0 0 0 0 0 0 1 1 1 0 1 1 0 1 0 1 1 1 1 1 0 1 1 1 0 1 0 0 1 1 1 1 0 0 0 0 0 1 1 0 1 0 0 1 0 1 0 0 0 1 1 1 0 1 0 1 1 0 0 0 1 1 0 1 1 1 0 0 0 1 0 0 1 0 0 0
0 0 0 0 0 1 1 0 1 1 0 1 0 0 1 0 0 0 1 1 1 0 1 1 1 1 1 1 0 0 1 1 1 1 1 1 1 1 0 0 1 0 0 1 0 1 0 1 1 0 0 0 0 1 1 1 1 1 1 1 0 0 0 1 0 1 1 0 1 0 0 1 0 0 1 0 0 1 1 0 1 1 0 1 1 1 0 1 1 1 0 1 0 0 0 0 1 1 0 0 1 1 1 0 0 1 1 0 0 0 1 0 1 0 1 0 0 0 1 1 1 1 1 1 0 0 0 1 0 1 0 1 1 0 0 1 1 0 0 0 1 1 1 0 1 0 1 1 0 0 1 0 1 0 1 1 1 1 0 1 0 0 1 0 1 1 1 0 1 0 1 1 1 1 0 0 1 0 0 0 1 0 0 0 1 0 0 1 0 0 1 0 1 0 0 1 0 1 0 0 1 0 0 0 1
1 0 1 0 1 0 0 1 0 0 0 0 0 0 0 1 0 1 1 0 0 1 1 0 1 0 1 0 0 0 1 0 1 0 1 0 0 1 1 0 0 1 0 1 1 1 0 0 0 1 1 1 1 1 0 1 0 0 0 0 1 0 0 1 1 0 0 1 1 0 1 0 0 0 0 1 0 1 0 1 0 1 1 0 1 0 0 0 1 1 0 0 0 0 1 0 0 1 0 1 0 0 0 0 0 0 1 0 0 0 0 0 1 1 0 1 1 1 1 0 0 1 1 0 1 1 0 0 0 0 0 1 0 1 1 1 0 0 1 0 0 1 0 1 0 0 1 1 0 0 0 1 0 1 1 1 0 1 1 1 1 0 0 0 0 0 0 1 0 0 0 0 1 0 0 0 1 0 0 0 1 1 0 0 0 0 1 0 1 1 1 0 1 0 0 1 1 1 1 1 1 1 0 1 1
0 1 0 0 1 1 0 0 1 1 0 1 1 0 1 0 1 0 1 1 0 0 1 0 1 0 1 1 1 1 1 0 1 0 1 1 0 0 0 0 1 1 1 0 0 1 1 0 1 1 1 1 1 0 0 1 0 0 1 0 0 0 1 1 1 0 1 0 1 1 1 0 1 1 0 1 1 1 0 0 0 1 0 0 1 1 0 1 1 1 1 0 1 1 0 1 0 1 1 0 1 1 1 1 0 1 0 0 1 1 1 1 0 0 1 0 1 0 1 1 1 0 0 0 0 1 1 0 1 0 1 0 1 0 0 1 1 1 1 1 1 0 0 1 1 1 1 0 0 0 1 0 0 0 1 1 1 1 1 0 1 1 0 0 1 0 0 0 0 0 0 1 0 0 1 0 1 1 0 0 0 1 0 0 1 1 0 0 1 1 0 0 0 0 1 1 1 0 1 1 0 1 0 1 1
1 0 0 1 0 1 0 1 1 1 0 0 0 0 0 1 1 0 1 0 1 1 0 1 0 1 0 1 1 1 0 0 0 1 1 1 0 0 1 0 1 1 1 0 0 1 0 1 0 0 0 1 0 1 0 1 1 1 0 0 0 1 0 0 1 1 1 1 1 0 0 0 0 0 0 1 0 0 1 1 0 0 0 1 0 0 1 0 0 1 1 0 1 1 1 1 0 1 0 1 1 1 1 0 0 1 1 1 1 1 1 1 0 0 0 0 0 0 0 1 0 0 1 0 0 1 1 1 0 1 1 1 0 0 1 1 0 1 0 1 0 1 0 0 0 1 0 1 0 0 0 0 1 1 0 0 0 1 0 1 1 0 1 1 0 1 1 0 1 1 1 0 0 1 0 0 1 1 0 0 0 1 1 0 0 1 0 1 1 0 1 0 1 1 0 1 1 0 1 1 1 0 0 1 0
1 1 0 1 1 0 0 1 0 1 1 1 1 1 0 0 1 0 1 0 0 1 0 0 0 1 1 1 0 0 1 1 1 1 1 1 1 0 0 0 0 0 0 1 0 0 0 1 1 1 1 1 1 1 0 1 0 1 0 0 1 1 1 1 1 0 1 1 0 1 1 0 1 1 0 1 0 0 0 0 0 0 1 0 1 0 1 1 1 1 1 1 0 1 0 0 0 1 1 0 1 0 0 1 1 0 1 1 1 1 0 0 1 0 0 1 1 1 1 1 1 1 0 1 0 1 0 1 1 0 1 1 1 0 1 1 0 0 1 1 1 1 1 1 1 1 0 0 1 0 1 1 0 1 0 1 0 1 0 1 0 0 0 0 1 0 0 1 1 0 0 0 1 0 0 1 1 1 0 0 0 0 0 1 0 0 1 0 1 1 0 1 1 0 0 0 0 1 1 0 0 0 0 1 1
0 0 1 0 1 1 1 1 1 1 1 1 1 1 1 0 0 0 1 0 0 1 1 0 0 1 1 0 1 0 0 1 1 0 0 0 1 0 1 1 0 0 0 1 0 0 1 1 1 0 0 1 1 1 0 0 0 0 1 1 1 1 0 0 0 0 0 0 1 1 1 1 1 0 1 0 0 1 0 1 1 0 0 0 1 1 0 0 0 0 1 0 0 0 1 1 1 0 0 0 1 0 0 0 0 1 1 0 0 0 1 0 1 1 1 1 1 1 0 0 1 0 0 1 0 1 0 1 0 1 1 0 1 1 1 0 0 0 1 0 0 0 1 1 1 1 1 0 0 0 1 1 1 0 0 1 0 0 1 1 1 1 1 1 1 0 1 1 0 0 1 0 0 0 0 0 0 1 1 0 1 0 1 1 0 1 0 1 0 0 0 1 1 0 1 1 0 1 0 1 1 0 1 1 0
0 1 0 0 1 0 0 0 1 1 0 1 1 1 1 0 0 1 1 1 0 1 1 0 1 1 1 0 1 0 0 1 1 1 1 1 0 1 1 1 1 0 0 0 1 1 0 1 1 1 1 1 1 0 0 0 1 0 0 1 0 0 1 1 1 1 0 1 1 1 1 0 0 0 1 1 0 1 0 1 1 0 0 1 1 0 1 0 1 0 0 0 0 1 0 1 0 1 0 0 0 1 0 0 0 0 0 1 0 1 1 0 1 0 1 1 0 1 0 1 1 1 0 0 1 0 0 0 0 1 0 0 0 0 0 0 0 0 1 1 1 1 0 1 0 1 1 0 1 1 0 0 1 0 0 0 1 0 0 0 1 1 1 1 1 0 0 0 1 1 1 1 0 0 0 1 1 1 0 1 0 1 0 0 1 1 1 1 1 1 0 1 0 0 1 1 0 0 0 0 0 1 0 0 1
0 0 0 1 1 0 0 0 1 1 0 1 1 0 1 1 1 0 1 0 0 1 1 0 1 1 0 1 1 0 1 0 0 1 0 0 0 0 0 0 0 1 0 1 0 1 1 0 1 1 0 1 1 1 1 1 1 1 0 0 1 0 1 0 0 1 0 1 1 0 0 1 1 0 0 0 1 0 0 1 0 0 1 1 1 1 0 1 0 0 1 1 0 1 1 0 0 1 0 1 0 1 0 0 0 1 0 1 0 1 0 0 0 0 0 1 1 0 1 1 1 1 0 1 1 0 1 1 1 1 1 0 0 0 1 1 0 0 1 0 1 1 0 1 1 0 0 0 1 1 1 0 0 0 1 1 0 0 0 0 1 0 1 1 1 1 1 0 1 0 0 1 1 1 1 0 0 1 0 0 1 1 0 0 0 1 1 1 1 0 1 1 0 0 1 0 0 0 0 1 1 1 0 0 0
0 0 0 1 1 0 1 0 0 0 0 1 0 0 0 0 0 1 0 1 1 1 1 1 0 1 1 1 0 0 1 0 0 1 0 1 1 1 0 1 1 1 1 0 0 0 1 0 1 1 1 1 0 1 0 0 1 1 0 0 1 0 1 1 0 1 1 0 1 1 0 1 1 0 1 0 0 0 1 1 1 0 0 1 0 1 0 0 1 1 0 0 0 1 0 1 1 0 0 0 1 1 1 0 0 0 1 0 1 0 1 1 1 1 1 0 0 0 1 1 0 1 1 0 0 1 0 0 1 1 0 0 0 1 1 0 1 0 0 1 1 1 1 0 0 0 0 1 1 1 0 1 1 0 1 0 0 0 0 1 1 0 1 1 1 1 1 0 0 1 1 1 0 0 1 0 0 0 1 1 1 0 1 1 1 1 1 1 0 1 0 1 0 1 0 1 0 0 1 1 0 0 0 0 1
1 0 0 0 0 0 1 1 0 1 0 0 0 0 0 0 1 1 1 0 1 1 0 0 0 0 1 1 0 1 0 0 0 1 1 1 1 1 1 1 1 1 0 0 0 0 0 0 0 1 0 1 0 1 0 1 1 1 1 0 1 0 1 1 0 1 1 0 0 1 0 1 0 0 1 0 0 1 0 0 0 0 0 0 0 0 0 0 1 1 0 0 1 1 0 0 0 0 0 0 0 1 0 1 1 0 1 1 0 1 0 0 0 1 0 1 1 1 0 1 0 1 1 0 0 0 1 0 0 0 0 1 1 1 0 1 1 0 0 1 0 0 1 0 1 1 1 0 0 0 1 1 0 0 1 0 1 0 1 1 1 1 1 1 1 1 1 1 1 0 1 1 0 0 1 0 1 1 0 0 1 1 1 1 0 0 0 0 0 0 0 0 1 0 0 1 1 1 1 0 0 0 1 0 0
0 1 1 0 0 1 1 1 1 1 1 0 0 0 1 1 0 0 1 0 0 0 0 1 0 1 0 1 0 0 0 0 1 0 0 0 0 0 1 1 0 1 1 0 0 0 0 1 0 1 1 1 1 0 1 1 0 0 1 1 0 0 1 0 0 1 1 1 1 1 0 0 1 0 1 1 1 1 0 1 0 1 1 1 0 0 1 1 0 0 0 1 0 1 0 0 0 1 1 1 0 1 1 0 1 0 0 0 0 1 0 0 1 0 0 0 1 1 0 1 0 0 1 0 0 0 1 0 0 0 0 1 1 1 1 1 0 0 1 1 1 0 0 1 1 1 1 0 1 1 0 0 1 1 1 1 1 1 1 1 1 0 0 1 1 0 0 0 1 0 0 0 1 1 1 0 1 0 1 1 1 0 0 0 1 0 1 0 1 0 1 0 0 1 1 0 0 0 0 0 1 1 0 0 0
0 0 0 0 0 1 1 1 1 0 1 0 0 1 1 1 0 1 1 0 1 1 0 1 1 1 0 1 1 0 1 1 1 1 1 1 0 1 0 0 1 1 1 0 1 0 1 1 0 1 1 1 0 1 0 0 0 0 1 1 0 0 0 1 0 1 0 1 0 0 1 1 0 1 0 1 0 1 1 1 0 0 0 1 0 0 1 1 1 1 0 1 1 0 0 1 0 0 0 1 1 1 0 1 1 0 1 1 0 0 0 0 0 0 0 0 0 1 1 0 0 1 1 1 0 0 0 0 0 1 1 1 1 1 0 1 1 1 1 0 0 1 0 0 0 0 0 0 1 1 0 0 1 0 0 1 1 0 0 1 0 0 0 0 0 1 1 0 1 0 1 1 1 1 0 0 0 0 0 1 1 1 0 0 1 1 1 1 0 1 0 0 0 1 1 0 1 1 0 0 0 0 0 0 1
1 0 0 1 0 1 0 0 0 1 1 1 1 1 0 1 0 0 1 1 0 0 1 1 1 1 1 1 1 1 0 1 1 1 0 0 1 1 0 0 1 0 0 1 0 1 1 1 1 0 1 0 0 1 1 1 0 0 1 0 0 1 1 0 1 0 1 0 1 1 1 1 1 1 1 1 1 0 0 0 1 1 1 0 0 1 1 0 1 0 0 1 1 0 1 0 0 0 1 1 0 0 0 1 1 1 1 1 1 0 0 0 1 1 1 1 0 0 1 0 0 0 1 1 0 1 0 1 0 1 0 1 0 0 1 0 0 1 0 0 1 0 1 1 0 0 0 0 1 1 1 1 1 1 1 1 1 1 0 0 1 0 0 0 1 1 0 0 1 1 1 1 0 1 1 1 1 0 0 1 0 0 0 1 0 0 1 1 1 1 0 1 0 1 1 0 1 0 0 0 1 1 0 0 0
1 1 1 1 1 1 0 0 1 0 1 0 0 1 0 1 1 1 1 0 1 1 1 1 0 0 0 0 0 0 0 0 0 0 1 1 0 1 0 1 1 1 0 1 1 0 0 0 0 0 0 1 0 1 0 1 1 0 1 1 1 1 1 1 1 1 1 0 1 1 1 1 0 0 0 1 0 1 0 0 1 1 1 0 0 0 0 1 1 1 1 0 0 0 0 0 1 1 0 1 0 1 1 1 0 1 1 0 1 0 1 0 0 0 0 1 1 0 1 0 0 0 1 0 0 1 1 0 0 1 1 1 1 1 0 0 0 1 1 1 1 1 1 1 0 0 0 1 0 1 1 1 0 0 0 1 0 1 1 1 1 1 1 1 1 1 0 1 1 1 0 0 1 0 0 1 0 1 1 0 1 0 0 1 1 1 0 1 0 0 1 0 1 0 1 0 1 0 1 0 1 1 1 1 1
1 1 1 1 1 0 1 0 0 1 1 1 1 1 1 0 0 1 1 0 1 1 0 1 1 0 1 0 0 0 1 0 1 1 1 1 1 0 0 0 0 1 1 1 0 0 0 1 1 1 0 1 0 1 0 1 1 1 0 1 0 1 0 0 1 1 0 0 0 0 0 1 1 1 1 1 1 1 1 0 0 0 0 0 0 0 1 0 1 0 0 1 1 0 1 1 0 0 1 1 0 1 1 0 1 1 0 1 0 1 1 0 0 1 1 0 0 1 1 1 1 0 0 1 1 0 0 1 1 1 0 0 1 0 0 1 0 1 0 0 0 1 1 0 0 0 0 1 0 1 0 0 1 1 0 1 0 0 0 0 0 1 1 1 1 1 1 1 0 0 0 0 0 1 0 0 1 0 0 1 0 1 1 1 1 1 1 0 1 1 0 1 0 1 1 0 1 1 0 1 1 1 0 0 0
1 1 0 0 1 0 0 1 1 1 1 1 0 1 1 0 1 0 0 1 0 1 1 1 1 1 1 0 0 0 1 1 0 1 1 0 1 1 0 1 0 0 0 1 0 0 0 1 1 1 1 0 0 1 0 0 0 1 0 0 0 1 1 1 0 1 1 0 1 0 1 0 0 1 1 1 0 1 1 1 1 0 1 0 1 0 1 1 0 0 1 1 0 0 1 0 1 0 0 0 1 0 1 0 0 0 1 0 1 1 0 1 0 1 1 1 0 1 1 0 1 0 1 1 0 0 1 0 0 0 0 0 0 0 1 0 0 1 1 0 1 1 1 0 0 0 0 0 1 1 0 0 1 0 0 0 1 1 1 0 1 0 1 1 0 0 1 1 1 0 1 0 0 1 0 0 0 1 1 0 0 0 0 0 0 0 0 0 1 1 1 0 1 0 0 1 0 1 1 0 1 1 0 1 1
0 0 0 1 0 0 1 1 1 1 0 1 1 1 1 1 1 1 1 1 1 0 1 1 0 0 1 0 1 0 0 0 1 0 0 0 0 1 0 1 0 0 0 0 1 1 0 0 0 1 0 0 1 0 0 1 0 0 1 1 1 0 0 1 0 1 1 1 0 0 1 0 0 1 1 1 1 1 0 1 1 0 1 0 1 1 1 0 0 0 1 0 1 1 1 0 0 1 0 1 0 1 1 1 0 0 0 1 0 0 0 0 0 1 1 0 0 0 0 0 0 1 1 0 1 0 1 1 1 0 0 1 0 0 1 1 1 1 0 0 1 1 0 0 1 0 1 0 0 1 1 1 1 0 0 0 0 0 0 1 1 1 1 0 1 1 0 1 1 0 1 0 1 0 1 0 0 0 0 0 0 1 1 1 0 1 0 1 0 1 1 1 0 1 1 1 0 1 1 0 0 0 1 0 1
0 0 1 1 0 1 1 0 0 1 0 1 1 0 0 1 0 1 1 1 1 1 1 1 0 0 1 1 1 0 1 0 1 0 1 0 1 1 0 0 1 0 0 0 1 1 0 1 1 1 1 1 1 1 1 1 0 0 0 0 1 0 0 1 1 0 0 0 0 1 0 0 0 0 0 0 1 0 0 1 1 0 1 0 1 1 1 0 0 0 1 1 1 1 0 0 1 1 1 1 0 0 0 0 1 1 1 1 0 0 0 1 0 1 0 1 1 1 0 1 0 0 0 0 1 1 1 1 1 1 1 0 1 1 1 1 1 0 0 0 0 1 1 0 1 0 1 1 0 1 0 0 0 0 0 1 0 1 0 0 1 1 0 0 1 0 0 0 0 1 1 0 0 0 1 0 0 1 1 1 1 1 0 0 1 0 1 1 1 0 0 0 0 0 1 1 0 1 0 1 0 1 1 1 0
0 1 1 1 1 0 0 0 0 0 0 0 1 0 1 0 0 0 0 1 0 1 0 1 0 0 0 1 1 1 1 0 0 0 1 0 1 1 0 0 1 0 1 1 0 1 0 0 1 0 1 0 0 1 0 1 1 0 1 1 0 0 1 1 0 1 1 1 1 1 0 1 0 1 1 1 1 0 0 0 0 1 1 0 1 1 1 1 0 1 0 0 1 0 1 0 0 0 0 0 1 1 0 1 1 0 0 0 0 1 1 1 0 0 1 1 1 0 1 1 1 0 0 1 1 1 1 1 0 0 1 1 0 1 1 1 1 1 1 1 1 1 1 1 0 0 0 0 0 0 1 0 0 1 0 0 1 1 0 1 0 1 0 0 1 0 0 1 1 1 1 0 1 1 1 0 1 0 0 0 0 0 0 1 1 1 0 0 0 0 0 0 0 1 0 1 1 1 1 1 0 0 1 0 0
1 1 1 0 1 0 0 0 1 1 1 1 0 0 1 0 1 1 1 0 1 1 0 0 1 0 0 0 1 1 0 1 1 1 1 1 0 1 1 1 0 1 0 0 1 1 0 0 1 1 0 1 0 0 0 0 1 1 1 1 1 0 1 0 1 0 0 0 0 1 0 0 1 0 0 0 0 0 0 0 1 0 0 0 1 0 1 1 1 0 1 0 0 0 1 0 0 0 1 1 0 1 1 1 0 1 0 1 1 0 1 1 1 0 1 1 0 1 1 1 0 0 0 0 1 0 1 1 1 1 1 1 0 0 0 0 1 0 1 0 1 1 0 0 1 1 1 0 1 0 0 0 1 0 0 1 0 0 1 0 1 0 0 1 0 0 0 0 0 1 0 1 0 1 1 0 0 0 0 0 1 0 1 0 0 0 0 1 0 1 0 1 0 1 0 0 1 1 1 1 1 1 1 0 1
0 0 1 1 0 1 1 1 0 1 0 1 1 1 0 1 1 0 0 0 1 1 1 0 1 1 0 1 1 1 0 1 1 1 0 0 1 1 1 1 0 0 1 1 0 1 0 0 0 1 1 0 1 1 1 0 0 0 0 1 0 0 0 0 1 1 1 1 0 1 0 1 1 0 1 0 1 1 1 0 1 0 1 1 0 1 0 1 0 1 0 1 0 1 0 1 0 1 1 0 0 1 1 0 0 0 0 1 0 0 1 0 1 0 0 1 1 0 1 1 1 0 0 1 0 1 0 1 1 1 1 0 0 1 0 1 0 0 0 0 0 1 0 1 1 1 0 1 1 1 1 0 1 0 1 0 1 1 0 0 1 0 1 1 0 1 0 0 0 0 0 0 0 1 0 1 0 0 0 0 0 0 1 0 1 0 1 0 1 1 0 1 0 1 0 0 1 0 1 1 1 1 0 1 0
1 0 1 1 1 0 1 1 0 1 0 1 0 0 0 0 1 0 0 0 1 1 1 0 0 0 1 1 1 0 0 0 1 0 0 1 0 0 0 0 0 1 0 1 0 1 1 1 0 0 1 0 0 0 0 1 1 1 0 1 0 1 0 1 1 0 0 1 1 1 0 0 1 1 1 0 0 1 1 1 1 1 1 1 1 0 1 1 0 0 1 0 1 0 1 1 0 1 0 0 0 1 0 1 0 1 1 0 1 0 1 0 0 0 1 0 1 1 1 0 1 1 1 1 1 1 0 0 1 1 1 0 1 0 1 0 0 0 1 1 1 1 1 1 1 0 0 0 0 1 1 1 0 1 0 0 1 1 0 1 1 0 0 1 0 1 1 0 1 0 1 0 0 1 0 1 1 1 0 1 1 1 0 0 0 0 1 1 0 1 0 0 1 1 1 0 1 0 0 1 0 0 0 0 1
0 0 0 0 0 0 0 0 0 1 1 0 0 0 1 1 0 0 1 1 0 1 0 0 1 1 0 0 1 1 0 0 0 1 1 0 1 1 0 1 1 0 1 1 1 1 0 0 0 1 1 1 1 0 0 1 1 1 0 0 1 0 0 1 1 1 1 1 1 0 1 0 0 1 0 0 1 0 0 0 1 0 0 0 0 1 1 1 0 1 0 1 1 0 1 0 1 0 1 0 1 1 1 1 0 1 0 0 0 0 1 1 1 0 0 1 0 0 0 0 1 0 1 1 1 1 1 0 0 0 1 0 1 1 1 1 1 1 0 1 0 0 0 0 1 0 1 1 1 0 1 0 0 0 0 0 0 1 0 0 0 0 1 0 1 1 1 1 1 0 1 0 1 1 0 1 0 0 1 0 0 1 1 0 0 0 1 0 0 1 0 0 0 1 1 0 1 0 0 0 0 0 1 1 1
1 0 0 1 0 1 1 0 1 0 0 1 1 1 1 1 0 1 0 0 1 0 1 1 1 0 1 0 1 1 1 0 0 0 0 0 1 1 0 0 0 1 0 0 0 1 1 0 1 1 1 1 0 0 1 1 0 1 1 1 1 1 1 0 0 0 1 1 0 1 1 1 0 0 1 1 0 1 0 1 0 1 1 0 0 0 0 1 1 1 0 1 0 0 0 1 0 0 1 0 0 0 0 0 1 0 1 1 0 1 1 0 1 1 1 1 1 1 1 0 1 0 0 1 0 1 1 1 0 1 0 0 1 1 0 0 1 0 1 1 0 0 1 1 0 1 0 0 0 0 0 0 0 1 0 1 1 0 0 1 1 0 0 1 1 1 1 1 0 0 0 1 0 1 0 0 1 0 1 0 0 1 1 0 1 0 1 1 1 0 1 1 1 1 1 0 1 0 0 1 1 1 0 1 1
1 1 0 0 1 1 0 1 0 0 0 1 0 1 0 1 1 0 1 0 0 1 1 0 1 0 0 0 0 1 1 0 0 1 1 1 1 0 1 0 0 0 0 0 0 1 1 1 1 1 0 1 1 0 1 1 1 1 0 1 0 1 1 0 0 1 0 1 1 0 1 0 0 1 1 0 1 1 1 0 1 1 0 1 0 0 1 0 0 1 1 1 0 1 1 0 1 1 0 1 0 0 0 1 0 1 0 1 1 1 1 1 0 0 0 1 0 1 0 1 0 0 1 0 1 0 0 1 1 0 1 0 0 1 1 0 0 0 0 0 1 1 0 1 1 0 0 1 0 1 1 0 1 0 0 1 1 1 0 1 1 1 1 0 1 1 1 1 1 1 1 1 1 1 1 1 0 1 1 0 1 0 1 0 0 1 0 1 1 1 0 0 1 1 1 1 1 0 1 0 0 0 1 0 1
1 0 1 0 0 1 0 0 0 1 0 1 1 0 1 1 1 0 0 0 1 0 1 0 1 0 0 0 1 1 0 1 0 0 1 0 1 0 1 1 1 1 1 1 1 1 1 1 1 0 1 0 1 0 0 1 0 0 0 1 0 0 1 0 1 0 1 1 0 0 1 0 1 1 1 1 0 0 0 0 1 0 0 0 0 1 1 1 0 0 1 1 0 1 1 1 1 1 1 1 0 0 1 1 0 1 0 0 1 0 0 0 1 1 0 0 1 1 1 0 0 1 0 0 0 1 1 1 0 1 1 0 1 1 0 1 0 0 0 0 0 1 0 0 0 0 0 0 0 1 1 0 0 0 0 0 0 0 1 1 1 1 0 1 1 0 1 1 1 1 0 0 1 0 1 0 1 0 0 1 0 1 1 1 0 0 1 0 1 1 0 1 0 1 1 0 1 1 0 0 1 0 1 1 1
0 0 0 0 0 0 0 0 1 1 0 1 0 0 0 0 1 1 1 1 0 0 1 0 0 1 0 0 1 1 0 1 1 0 0 1 0 1 1 1 1 0 0 1 1 1 0 0 0 0 0 1 1 0 1 1 0 1 0 0 0 0 0 1 0 1 0 0 1 0 1 1 0 1 0 0 0 1 0 0 0 1 0 0 1 0 1 0 0 0 1 0 0 1 1 0 0 0 1 0 1 0 0 0 1 1 0 0 0 0 1 1 0 0 1 1 1 0 1 1 1 0 1 0 1 1 0 1 1 1 1 0 0 0 1 0 1 1 0 0 1 0 1 0 1 1 1 0 1 1 1 0 1 0 1 1 1 0 1 0 0 1 1 0 1 1 0 0 0 0 1 0 0 0 0 1 0 0 0 0 1 0 1 0 1 0 1 0 0 0 0 0 1 1 0 1 0 1 1 0 0 0 0 1 0
0 0 1 0 0 0 0 0 1 1 1 1 0 1 0 1 0 1 0 0 1 1 0 1 1 0 1 1 0 1 1 0 1 1 1 1 0 1 0 0 1 1 0 1 1 0 0 1 1 1 0 1 0 0 0 1 1 1 0 0 1 1 0 1 1 0 0 0 1 1 0 0 1 1 0 0 1 0 0 1 1 0 0 0 1 1 0 0 0 1 1 0 1 1 0 0 0 0 1 0 0 0 1 1 1 1 0 1 1 1 0 1 1 0 0 0 0 1 1 0 0 1 0 1 0 1 0 0 1 0 1 1 1 0 1 0 1 0 0 1 0 0 1 0 1 1 1 0 1 1 0 0 0 1 0 0 1 0 0 0 1 0 1 1 1 1 1 1 1 1 0 0 0 1 0 0 0 0 0 0 1 1 0 1 1 1 1 1 1 0 1 0 0 1 1 0 0 1 1 0 0 0 1 1 0
1 0 1 1 1 0 1 0 0 1 0 0 1 0 0 0 0 0 0 1 1 0 1 1 1 1 1 0 1 0 1 0 1 1 1 0 0 1 1 1 0 0 0 0 0 1 1 0 0 0 1 1 1 1 1 1 1 1 1 1 0 1 0 0 0 1 0 1 1 1 0 0 1 0 0 1 0 1 1 0 1 1 0 1 0 0 1 1 0 1 1 0 1 0 1 1 0 1 0 0 0 0 1 1 0 0 1 0 0 0 1 0 1 0 1 0 1 0 1 0 1 0 0 1 1 0 1 0 1 0 0 0 0 1 1 1 0 0 0 0 1 1 1 1 1 0 1 1 1 1 0 1 1 1 1 0 0 1 0 1 0 0 0 1 1 0 0 1 1 1 0 1 1 1 0 0 1 0 1 0 0 1 0 1 1 1 1 0 1 0 1 0 1 0 0 1 0 0 1 0 0 0 0 1 0
1 1 0 0 0 1 1 1 1 1 0 0 0 0 1 1 1 1 1 0 1 0 0 0 0 0 0 0 1 1 1 0 1 1 0 0 1 0 1 1 0 0 1 1 0 1 0 0 0 0 1 1 0 1 0 1 1 0 0 1 1 1 0 0 1 0 1 0 1 0 0 1 0 1 0 0 0 1 0 1 1 0 1 0 1 0 1 0 0 0 1 1 1 1 1 0 0 0 0 1 1 1 1 0 0 1 0 1 0 0 0 0 0 1 1 1 1 0 1 1 0 1 0 0 1 1 0 1 1 0 0 1 0 1 0 0 0 0 0 1 1 0 1 1 1 1 0 0 1 0 1 0 1 1 0 0 0 0 0 0 1 0 1 1 1 0 0 0 1 0 0 0 1 1 0 1 1 1 1 0 1 0 0 0 0 0 1 1 1 0 0 0 0 1 1 0 1 1 1 1 1 1 1 0 0
0 1 0 0 0 1 0 0 0 1 0 0 1 1 1 1 1 1 1 0 1 0 0 1 1 0 1 1 0 1 0 0 1 1 1 0 1 1 1 0 1 1 0 1 0 0 1 0 0 0 1 0 1 0 0 1 0 1 1 1 0 0 1 0 1 1 1 1 0 1 1 1 1 0 1 0 1 1 0 0 1 1 0 0 0 1 1 1 1 1 1 1 1 0 1 0 1 1 0 1 1 1 1 1 0 1 1 1 0 0 1 0 1 0 0 1 1 0 0 0 0 1 1 0 0 0 0 1 0 0 1 1 0 1 1 0 0 0 1 0 0 0 1 1 0 0 0 1 0 0 0 1 1 0 1 0 0 1 0 1 0 1 1 0 1 1 1 0 1 1 0 0 0 0 0 1 1 1 0 0 0 0 0 1 0 1 1 1 0 1 0 1 1 0 0 1 0 0 0 1 1 0 0 0 1
0 1 0 0 0 0 0 1 1 0 0 1 1 1 0 1 1 0 0 1 1 0 0 1 0 0 1 0 1 1 1 0 1 0 1 0 0 0 0 1 1 1 1 1 0 1 0 0 0 1 0 0 0 1 1 0 0 0 0 0 0 1 0 0 0 0 0 0 1 0 1 0 0 1 1 1 1 1 0 1 1 0 0 1 0 1 0 1 0 1 0 0 0 1 1 0 1 1 0 1 0 1 0 0 0 0 1 0 0 1 1 1 1 0 1 0 0 0 0 1 1 0 0 1 1 0 1 0 1 1 1 1 0 0 1 1 1 0 1 1 0 0 0 1 1 1 1 1 0 1 1 0 1 1 1 0 0 1 0 0 0 1 0 1 0 0 1 1 1 0 0 1 0 1 1 1 1 1 0 0 0 1 1 0 0 0 1 0 0 1 0 0 0 0 1 1 1 0 1 1 1 1 1 1 1
1 0 1 1 0 1 0 1 0 1 0 1 0 1 1 1 1 0 0 1 1 1 1 0 1 1 0 0 0 1 0 0 0 1 1 1 1 1 1 1 1 1 0 0 0 0 1 1 0 0 1 0 0 0 0 0 1 0 0 1 1 0 1 1 1 1 0 1 1 1 0 1 0 0 0 0 1 0 1 0 1 0 0 1 0 1 1 0 1 0 0 1 0 0 0 0 0 1 0 0 1 1 0 0 1 1 0 0 0 0 0 0 1 0 1 0 0 0 1 1 1 1 0 0 0 0 0 0 0 0 0 0 1 1 1 1 0 0 1 1 0 0 0 1 0 1 1 1 1 1 1 1 0 0 0 1 1 1 1 1 0 1 0 0 0 0 0 1 0 1 0 0 0 1 0 1 0 0 0 0 0 1 0 0 0 1 0 1 0 1 0 0 1 0 1 0 1 0 1 1 0 1 0 0 1
0 1 0 0 1 0 1 0 0 1 0 0 0 1 1 0 0 1 1 0 1 0 1 1 0 1 1 1 1 1 1 0 1 0 1 1 0 1 0 0 1 0 1 0 1 0 1 0 1 0 0 0 0 0 0 0 1 0 1 0 1 1 0 0 0 0 0 0 1 1 1 0 1 1 0 0 1 0 1 1 1 0 0 0 0 0 0 0 1 0 0 0 1 1 0 0 0 1 1 1 1 0 0 0 0 0 0 0 1 0 0 0 0 1 1 1 1 1 1 0 1 0 0 0 1 0 1 1 1 1 1 0 1 1 1 0 0 0 1 0 0 0 0 1 1 0 1 0 0 0 0 1 1 0 1 1 0 1 1 0 0 0 1 1 1 1 1 1 0 1 1 1 1 1 1 0 0 1 1 1 1 1 1 0 1 0 0 1 0 1 1 1 1 1 0 1 1 0 1 1 1 1 0 1 0
1 0 0 1 1 1 1 0 1 0 0 1 1 0 1 0 0 1 1 1 1 0 1 0 0 1 1 0 1 0 0 0 0 1 1 1 1 1 1 0 0 1 1 0 1 1 1 0 1 0 1 1 0 0 0 0 0 1 1 1 1 1 1 1 0 0 0 1 1 1 0 1 0 0 0 1 1 1 1 0 1 0 0 0 1 0 1 0 1 1 0 0 0 1 0 0 1 1 1 1 1 0 1 0 1 0 1 0 1 1 0 0 0 0 0 1 0 0 1 0 0 0 1 0 0 0 1 0 0 0 0 0 1 0 1 1 0 0 0 1 0 0 1 1 1 1 0 1 0 1 1 0 1 0 1 0 0 1 0 1 0 1 0 1 1 1 0 0 1 0 0 0 0 0 0 0 0 0 1 0 1 0 0 1 1 1 1 0 1 0 0 0 0 0 0 1 0 1 0 1 1 1 0 0 1
0 0 1 1 1 0 1 1 0 0 1 1 0 1 0 1 1 0 0 1 0 0 0 1 0 0 0 0 0 1 1 1 1 0 1 0 1 0 1 1 0 1 0 1 1 0 0 1 0 1 0 1 0 0 0 0 0 0 0 0 0 0 0 0 0 0 0 0 0 0 0 1 1 0 0 0 0 1 1 0 0 1 1 0 0 0 0 1 0 0 0 1 0 0 0 1 1 0 1 0 0 1 0 1 1 1 1 0 1 1 0 0 1 1 1 1 1 0 1 0 0 1 0 1 1 0 1 1 1 0 1 1 0 1 0 0 1 1 0 0 1 1 1 1 0 0 0 1 0 0 0 1 1 0 0 0 0 0 0 1 1 0 0 0 1 0 1 1 1 0 1 0 1 0 1 0 0 0 0 0 0 0 1 1 1 0 0 1 1 1 0 1 0 1 0 1 1 1 1 0 1 1 1 0 1
0 1 1 1 1 1 0 1 0 1 0 0 0 1 0 0 1 0 0 0 0 0 0 0 1 0 0 0 0 0 1 1 1 1 1 0 1 0 0 0 1 0 0 0 1 1 0 1 0 1 1 1 1 1 1 0 0 0 0 1 0 0 0 1 0 0 1 0 1 0 1 1 0 0 1 0 1 1 0 1 1 0 1 0 1 0 0 0 0 1 0 0 0 0 0 1 1 1 1 0 1 1 0 1 0 0 1 0 0 0 1 1 0 1 1 0 1 0 1 1 1 0 0 0 1 0 0 1 1 0 1 1 1 0 0 0 1 0 0 1 0 1 0 0 1 0 0 1 0 0 0 0 1 0 1 0 0 1 1 1 1 0 1 0 1 0 1 1 1 0 1 0 1 1 1 1 0 1 0 1 0 1 1 1 1 0 0 0 1 0 0 0 0 1 0 0 1 1 1 1 0 0 1 0 1
1 1 1 0 0 1 1 0 1 0 1 1 0 0 1 1 0 0 1 0 1 0 1 0 1 1 1 1 0 0 1 0 1 0 0 0 0 0 1 0 1 0 0 1 0 0 1 1 1 1 0 0 0 0 0 0 0 0 1 1 1 1 0 0 1 1 1 0 1 1 0 0 1 0 0 0 0 1 0 1 0 0 0 1 0 1 0 0 0 1 0 0 1 0 1 0 0 0 0 0 1 1 0 0 0 0 0 1 0 0 1 0 1 0 1 1 1 0 1 0 0 0 0 1 0 0 1 1 1 0 1 1 0 0 0 0 1 1 1 1 0 0 1 1 1 0 0 0 1 1 1 1 1 0 1 1 0 0 1 0 0 1 0 1 1 0 0 1 1 1 0 0 0 1 0 1 0 0 0 0 1 0 0 0 1 1 1 0 1 0 1 0 1 1 1 1 1 1 1 1 1 0 0 0 0
1 0 1 1 1 1 0 0 1 1 1 1 0 0 0 0 0 0 0 0 0 0 0 1 0 0 0 1 1 0 1 1 1 1 0 0 1 1 0 1 0 1 1 1 0 1 1 0 0 0 1 1 0 1 1 1 0 0 0 0 0 1 1 0 0 1 1 1 1 1 1 0 1 0 0 0 0 0 0 0 0 1 1 0 1 1 1 1 1 0 0 0 1 0 0 1 1 0 0 0 0 0 0 0 0 0 1 0 1 1 0 1 1 1 1 1 0 0 0 1 0 0 1 1 0 1 0 1 0 1 0 1 0 1 0 0 1 1 0 1 1 0 1 1 1 1 1 1 1 0 0 1 0 1 1 0 1 1 1 1 0 1 1 1 0 0 0 0 0 1 1 0 0 0 1 1 1 0 1 0 1 1 0 1 1 0 0 0 0 1 1 0 1 0 1 1 0 1 1 0 1 1 1 1 0
1 0 1 0 0 1 1 1 1 1 1 1 1 1 0 0 0 0 1 0 1 0 0 0 1 1 1 1 0 1 1 0 0 1 0 1 0 1 1 1 1 0 0 0 1 1 0 0 1 1 1 0 0 0 1 0 0 0 1 0 1 0 0 0 1 0 1 1 1 1 0 0 1 0 0 1 0 1 1 1 1 1 1 1 0 1 1 0 1 0 0 0 1 0 1 1 0 0 1 0 0 0 1 0 0 0 0 0 0 1 1 0 0 0 1 1 1 0 0 1 0 0 0 0 0 0 1 1 1 0 1 1 0 1 0 1 0 1 1 1 0 0 1 0 0 0 1 0 1 1 1 1 1 0 0 0 1 1 0 1 0 0 1 0 0 1 0 0 1 1 0 1 0 0 1 0 1 1 1 0 0 1 0 0 0 1 1 1 0 0 0 0 1 0 1 0 0 1 0 1 1 0 1 0 1
1 0 1 1 1 1 0 1 1 0 0 0 1 1 1 1 1 0 0 0 0 1 0 0 1 1 0 1 0 1 1 0 0 0 1 0 1 0 0 1 0 1 1 1 1 0 1 1 0 0 1 1 1 0 1 0 1 1 0 0 1 0 1 0 1 1 1 0 0 1 0 0 1 1 0 1 0 0 1 0 1 1 1 1 0 1 0 1 1 1 0 1 0 0 1 1 1 1 1 1 1 0 0 1 0 0 1 0 1 0 1 0 1 0 1 0 0 1 0 0 1 0 1 1 0 1 0 0 1 0 0 0 1 1 1 1 1 0 1 0 1 1 0 0 0 0 1 1 1 1 1 1 0 0 1 0 0 0 1 0 0 1 1 1 0 0 0 1 1 0 0 1 0 1 1 0 0 0 1 0 0 1 0 1 1 1 0 1 0 1 0 1 1 0 1 0 1 1 1 1 0 0 0 1 0
0 0 0 0 0 0 0 1 1 0 1 1 0 1 0 1 1 0 0 0 1 0 0 0 0 1 0 0 1 0 0 1 0 1 1 0 0 1 0 0 1 1 0 0 1 0 0 1 0 1 1 0 0 1 0 0 0 0 0 0 1 1 0 1 1 0 0 1 0 1 0 0 1 0 1 0 1 0 1 0 0 1 1 1 0 1 0 0 0 0 0 1 0 1 1 0 1 0 0 0 1 1 0 0 0 0 1 0 0 0 1 1 0 1 1 1 1 1 0 0 0 1 0 0 1 1 1 1 1 1 0 0 0 0 1 1 1 1 1 1 1 1 1 1 0 1 1 0 0 1 0 0 1 1 0 1 1 1 1 0 1 0 1 0 1 0 1 1 0 0 0 0 0 0 1 1 0 1 0 1 0 1 1 0 0 0 1 1 0 0 1 0 1 1 1 1 0 1 1 1 0 1 1 0 0
0 0 0 0 1 0 1 1 1 1 1 0 1 1 0 1 1 1 1 1 0 1 1 1 0 1 0 1 1 0 1 1 1 0 0 0 0 1 1 0 0 0 0 0 1 1 1 1 0 1 1 1 1 1 1 0 1 0 1 1 0 1 0 0 1 1 0 1 1 0 0 1 0 0 1 1 1 0 1 1 1 0 1 1 1 1 0 1 1 1 1 1 0 1 1 0 0 0 0 1 1 1 0 1 1 0 0 1 1 1 0 0 0 0 1 1 0 1 1 1 1 1 1 0 1 1 1 1 1 0 0 1 1 1 0 1 0 0 1 1 0 0 0 0 1 0 1 1 1 1 1 0 0 1 0 0 1 0 1 1 1 1 0 1 1 0 0 1 1 1 0 0 1 1 1 1 1 1 0 0 1 0 0 1 1 1 1 1 0 1 1 1 1 0 0 0 0 1 1 1 1 0 0 0 1
0 0 1 1 0 0 0 0 0 1 1 1 1 1 1 0 0 1 1 1 1 0 1 1 0 0 1 0 1 1 0 0 0 0 0 0 1 0 0 1 1 0 0 0 0 1 0 0 1 1 1 0 1 1 0 0 1 1 0 1 1 0 0 1 1 0 1 0 0 1 0 1 0 0 1 0 0 1 0 1 0 0 0 0 0 0 1 1 0 1 0 0 0 1 1 1 0 1 1 0 1 1 1 1 1 0 1 1 0 0 1 1 1 0 1 0 0 0 1 1 0 0 0 1 1 0 1 1 0 1 1 0 1 1 0 1 0 1 1 0 1 1 1 0 1 1 1 0 1 1 0 0 0 1 1 0 0 1 1 0 0 1 1 1 1 0 1 0 1 1 0 0 1 1 0 0 1 1 0 0 0 1 1 1 1 0 1 0 1 1 1 0 1 1 0 1 1 0 0 1 1 1 0 0 1
1 0 1 1 0 1 1 0 0 0 0 1 1 1 1 0 0 0 0 0 0 1 1 0 1 1 0 1 1 0 0 0 0 0 0 1 0 0 1 1 1 0 0 0 1 1 0 0 0 0 1 1 1 0 1 0 0 1 0 1 0 1 0 0 1 0 1 1 0 1 0 0 1 1 1 1 1 1 0 0 1 1 1 0 0 0 0 0 0 0 1 1 1 0 1 0 0 0 1 1 1 0 1 1 1 1 1 0 0 1 0 1 0 1 0 0 1 1 1 1 1 1 0 0 1 0 1 1 1 0 0 0 0 0 0 1 0 0 1 0 0 1 0 1 0 0 1 1 1 0 0 1 0 1 0 1 0 0 1 1 0 0 1 1 1 1 0 0 0 0 0 1 1 1 1 0 0 1 0 0 1 0 0 0 0 1 1 0 0 0 0 1 0 0 0 1 1 0 1 0 1 1 1 1 1
0 1 1 0 1 1 0 1 1 1 0 0 0 1 0 0 1 0 1 1 1 1 1 1 1 1 0 1 1 1 0 0 1 0 0 0 1 0 0 1 0 1 0 0 1 1 1 1 1 1 1 0 1 1 0 1 0 1 1 0 0 0 0 0 1 1 1 1 0 0 0 0 0 0 0 0 1 0 0 1 1 1 0 1 0 0 1 1 1 0 1 0 0 0 1 0 1 1 0 1 1 1 1 1 0 0 0 1 1 0 1 0 1 0 0 0 0 0 0 0 1 0 0 0 1 0 1 1 0 1 1 0 1 1 0 1 1 0 1 1 0 1 1 0 0 0 0 1 1 1 1 0 1 1 0 0 1 1 1 1 1 1 1 1 1 1 1 0 0 0 0 0 0 0 0 1 1 1 1 1 0 1 0 1 1 0 0 0 0 0 1 1 0 0 1 0 1 0 1 0 0 1 1 1 0
1 0 1 1 0 0 0 1 1 0 0 1 0 0 1 0 0 1 1 1 1 1 0 0 0 0 0 0 0 0 1 1 0 0 0 0 1 1 0 1 0 1 0 0 0 1 1 0 0 0 0 1 0 0 0 0 0 0 0 1 1 1 1 0 1 1 1 1 0 1 0 1 0 1 1 0 0 1 0 1 0 0 0 0 1 0 0 1 1 1 0 0 0 1 0 1 1 1 1 0 0 0 1 0 0 0 0 1 1 1 0 1 0 0 1 1 1 1 0 0 0 1 0 0 0 0 0 1 1 0 1 0 0 0 1 0 0 1 1 0 1 0 0 0 0 1 0 0 1 1 0 1 0 0 1 0 1 1 0 1 0 1 0 1 1 1 1 1 0 0 1 0 0 0 0 1 0 1 0 1 0 0 0 0 1 1 1 0 0 1 0 0 1 0 1 0 1 1 1 0 1 1 1 0 0
0 1 0 1 0 0 0 0 0 0 1 0 0 0 0 0 0 0 1 0 1 0 0 1 1 0 1 1 0 1 0 0 1 0 1 0 1 0 1 1 1 1 0 1 0 1 0 0 0 0 0 0 0 0 0 0 1 1 1 0 1 1 0 1 0 0 0 0 1 1 1 0 0 1 1 1 0 0 1 0 1 0 0 0 0 0 0 0 1 1 0 1 1 0 1 1 1 0 0 1 1 1 0 1 0 0 0 0 1 1 1 1 1 0 1 1 1 1 1 1 1 0 0 0 0 1 1 0 0 0 0 0 1 0 0 0 0 0 1 1 1 1 1 1 0 1 1 0 0 1 1 0 0 1 1 0 0 0 1 0 0 1 1 1 0 0 1 0 0 0 0 0 1 1 1 0 1 1 0 1 0 0 1 0 1 0 0 1 0 1 0 0 1 0 0 0 0 1 0 0 0 0 1 1 0
0 1 1 0 0 1 0 0 0 1 1 1 1 1 0 0 0 1 1 0 1 1 1 1 0 1 1 0 1 0 1 1 0 0 1 0 0 0 0 1 0 0 1 0 1 1 0 1 0 0 1 1 1 1 0 0 1 1 0 0 0 1 0 1 1 0 1 0 1 1 0 1 0 0 0 0 1 1 0 0 0 1 1 1 1 0 1 0 1 1 1 1 0 0 0 0 0 1 0 0 1 0 1 1 1 1 0 0 1 0 0 0 0 0 0 1 1 0 0 1 1 0 0 1 1 0 1 1 0 0 1 1 1 0 1 1 1 1 1 0 1 0 0 0 0 1 1 1 1 1 0 1 0 1 0 0 0 1 0 0 1 1 0 1 0 0 0 1 1 1 1 0 0 1 0 0 1 0 1 0 1 1 0 0 1 1 0 1 1 0 0 0 1 0 0 1 0 1 1 0 1 0 0 1 1
0 0 1 0 1 0 1 0 0 1 1 0 0 0 0 1 0 1 1 0 0 1 0 1 1 1 0 0 0 1 0 0 0 1 0 0 1 1 1 1 0 0 0 1 0 0 0 1 0 1 1 0 0 1 1 0 0 1 0 0 0 1 0 1 0 0 0 0 1 0 1 0 0 0 1 0 0 0 1 1 1 0 0 0 1 0 1 1 0 0 1 1 1 0 0 0 0 0 1 1 1 0 0 1 0 0 1 1 0 0 1 0 1 0 0 0 1 1 1 1 0 0 1 1 1 0 0 1 0 0 0 0 1 1 0 0 0 1 1 1 1 0 1 0 0 1 1 1 0 0 0 1 0 0 1 0 0 1 1 0 1 1 0 0 1 0 0 0 0 1 1 0 0 0 1 0 1 1 0 1 1 0 0 1 0 1 0 0 1 0 1 0 1 0 0 0 0 1 1 1 1 1 0 0 0
1 0 1 1 1 1 0 0 0 1 0 0 0 0 1 0 0 1 0 0 0 1 0 1 0 1 0 1 0 0 0 1 0 0 1 0 1 0 1 1 1 1 0 0 0 1 1 0 0 1 0 0 0 0 1 0 1 1 1 0 1 0 0 0 1 0 1 0 0 1 0 1 1 0 0 1 1 1 0 0 0 0 1 1 0 0 0 0 1 1 1 0 0 1 1 0 0 1 1 0 1 0 0 1 0 0 0 0 1 1 0 1 0 0 1 0 1 1 0 0 1 1 1 0 1 0 1 0 1 0 0 1 0 0 1 1 0 0 0 1 0 1 0 1 1 0 0 1 0 1 0 0 1 0 0 0 1 0 1 1 0 0 0 1 0 1 0 1 0 0 0 1 1 1 1 1 1 0 1 0 0 0 1 0 0 1 0 1 1 0 1 1 1 1 0 0 0 1 0 0 1 0 1 1 0
0 0 0 1 1 1 0 1 0 1 1 0 0 1 1 0 0 0 0 0 0 0 0 0 0 1 0 0 0 0 0 1 0 0 0 1 0 0 1 1 1 0 0 0 0 1 1 0 1 0 1 1 0 0 1 1 1 1 1 0 0 1 0 0 1 0 1 1 1 1 0 0 0 0 0 1 0 0 0 0 0 1 0 1 0 1 1 0 0 1 0 1 0 0 0 1 0 0 0 0 0 0 1 1 0 1 1 0 0 1 0 0 1 0 0 0 0 1 1 1 0 1 1 0 0 1 0 1 1 1 1 0 1 1 1 0 1 0 1 0 0 1 1 0 1 1 1 1 0 0 1 0 0 1 0 1 1 0 0 0 1 0 1 1 0 1 1 1 1 1 1 0 0 0 1 1 1 0 1 1 0 1 0 1 0 0 0 0 1 0 1 1 1 1 1 1 1 0 1 0 1 0 0 0 0
1 1 0 0 1 1 0 0 1 0 1 0 0 1 0 0 1 0 1 0 1 1 0 0 1 1 0 1 0 0 0 0 0 1 0 1 0 1 1 0 1 1 1 1 0 0 1 1 1 1 0 0 1 1 0 1 0 1 1 1 1 0 0 1 0 1 0 1 1 0 1 1 0 0 0 0 1 1 1 0 0 1 1 1 0 0 1 1 0 0 0 1 1 0 1 0 0 0 1 0 1 1 1 1 0 1 1 1 1 1 0 0 1 0 1 1 1 0 0 0 0 0 1 0 1 0 0 1 1 1 0 1 0 0 1 0 0 1 0 0 0 0 0 1 1 1 1 1 1 1 1 1 1 1 0 1 0 1 1 1 0 1 1 1 1 0 1 0 1 0 0 1 0 1 1 0 0 1 0 1 1 1 0 1 0 1 0 1 1 1 0 0 1 1 1 1 1 0 1 1 0 1 0 0 0
0 1 1 0 0 1 1 1 0 0 1 0 0 0 0 0 0 0 1 0 1 1 1 0 0 0 1 1 1 1 1 0 0 0 0 0 0 1 0 1 1 1 1 0 0 1 1 1 1 0 0 1 1 0 1 0 1 0 0 1 1 1 0 1 1 1 0 1 1 1 0 1 1 1 0 1 1 1 0 1 1 1 1 1 1 1 0 0 1 1 1 1 1 1 1 1 0 1 1 1 1 1 1 1 1 0 0 1 1 0 0 0 0 0 1 1 1 1 1 1 1 1 1 1 1 0 0 0 0 1 0 0 0 0 0 0 1 0 0 1 0 1 1 1 1 0 0 0 0 0 1 0 0 1 1 0 1 1 1 0 0 1 0 0 1 0 0 0 1 0 1 0 1 1 1 1 0 1 0 0 0 0 1 0 1 1 0 0 1 1 0 0 0 0 1 1 1 0 1 0 1 0 0 1 0
1 0 1 1 0 0 0 0 1 0 0 1 0 1 1 0 0 0 1 1 1 1 0 1 1 1 1 0 0 0 1 1 0 1 1 0 1 1 0 0 0 1 1 1 1 0 0 0 0 0 1 0 1 0 1 1 1 1 1 1 0 0 0 0 0 1 1 1 1 1 1 0 1 1 1 0 0 0 0 0 1 0 1 1 0 1 0 0 0 1 0 1 1 0 0 0 0 0 1 0 1 0 1 1 1 1 0 0 0 1 0 1 1 1 1 1 1 1 1 1 0 1 1 1 1 1 0 1 1 1 1 1 0 1 1 1 0 0 0 1 1 1 1 0 1 0 1 0 0 0 0 1 0 0 0 1 0 1 0 0 1 1 1 1 1 0 0 0 1 1 0 1 0 0 0 0 1 0 1 0 1 0 1 0 0 1 1 1 1 0 0 0 1 1 1 0 1 0 1 0 1 0 0 0 1
1 0 1 0 0 0 1 0 0 0 1 0 0 0 1 1 0 0 1 0 0 1 0 0 1 0 0 0 0 0 0 1 0 1 1 1 1 1 0 0 1 0 0 1 1 1 0 1 0 0 0 0 1 0 1 1 1 0 0 0 1 0 1 1 0 1 0 0 0 1 1 0 1 0 1 1 0 1 0 0 0 0 0 1 0 1 1 0 1 1 1 1 0 1 1 0 0 1 1 1 1 1 0 1 1 1 0 0 1 0 1 1 1 0 0 0 0 0 0 1 1 0 1 0 1 1 1 0 1 1 0 1 0 0 0 1 1 1 1 1 1 1 1 0 0 0 1 0 0 0 0 0 0 0 0 1 0 0 0 0 0 1 1 1 1 1 0 1 0 1 0 0 1 0 0 0 0 0 0 1 1 1 0 0 1 0 1 0 1 0 0 1 1 0 1 0 0 0 1 0 0 0 0 0 1
0 1 0 0 1 1 0 0 0 0 1 0 1 1 1 1 1 1 0 0 1 1 0 0 0 0 0 0 1 1 0 1 1 0 1 1 0 1 0 1 1 1 0 1 0 1 1 0 1 1 1 0 0 0 0 1 0 0 1 0 0 1 0 0 1 0 0 0 1 0 0 1 0 1 1 0 0 1 0 1 1 0 1 0 0 1 1 0 1 1 1 0 0 0 0 1 0 1 1 0 1 0 1 1 1 1 0 1 0 0 1 0 0 0 1 0 1 0 1 0 1 0 0 1 0 1 1 0 0 1 0 1 0 1 1 1 1 1 1 0 1 0 1 1 1 0 1 1 1 0 0 1 1 1 0 0 1 0 0 0 0 1 0 1 0 1 1 1 1 1 1 0 0 1 1 0 0 0 0 1 0 0 0 1 0 1 1 0 0 1 1 0 0 1 0 1 0 1 0 1 1 1 0 0 1
0 0 0 0 0 0 0 0 0 0 1 0 1 1 1 1 0 0 0 0 0 1 1 0 1 1 0 0 0 1 0 1 0 1 1 0 1 0 1 1 0 0 0 1 1 1 1 1 1 0 0 1 0 0 1 1 1 0 1 0 1 0 1 0 1 0 0 0 0 1 1 0 0 1 1 0 1 0 0 1 1 0 1 1 1 1 0 1 1 0 1 1 1 1 1 1 1 1 1 1 1 1 1 1 0 0 1 1 0 0 1 0 0 1 0 0 0 0 0 1 0 1 0 0 0 0 1 0 0 1 1 1 1 0 1 1 1 0 0 0 1 0 0 1 1 1 1 0 1 1 1 1 0 0 1 1 0 0 1 0 1 1 1 1 0 1 0 0 1 0 0 1 1 0 0 1 0 0 1 1 1 1 1 1 1 0 1 1 0 0 0 1 0 1 1 0 0 0 1 1 1 0 1 0 1
0 0 1 1 1 0 1 1 1 0 0 1 0 1 1 0 1 0 1 0 1 0 0 0 0 1 1 1 1 0 0 0 1 1 0 1 0 1 0 0 0 0 1 0 1 1 0 0 1 1 0 0 1 0 0 0 0 1 0 0 0 0 1 1 1 0 0 1 0 1 0 0 0 0 0 0 0 1 1 0 0 0 1 0 0 0 0 0 0 0 1 1 1 1 0 1 1 0 0 0 1 0 0 0 1 0 1 0 0 1 1 1 1 0 1 0 0 1 1 0 0 1 1 1 0 1 1 0 1 1 0 0 1 0 0 1 0 1 0 1 1 1 1 0 0 0 1 0 1 0 1 1 0 0 0 1 0 0 0 1 0 0 1 0 1 0 0 0 0 0 1 1 1 1 1 1 0 0 0 1 1 1 1 0 1 1 0 1 1 0 0 0 0 1 1 1 1 0 0 1 1 0 0 0 1
1 1 0 0 1 1 1 1 1 0 1 0 0 0 1 0 0 0 0 1 0 0 0 1 0 0 0 0 1 1 1 0 0 0 0 1 1 1 1 1 1 0 0 0 0 0 1 1 1 0 1 0 1 0 1 0 0 0 0 1 0 0 1 1 1 0 0 1 0 0 0 0 0 1 1 0 1 1 1 0 1 1 1 0 0 1 0 1 0 1 1 0 1 0 0 0 0 0 0 1 0 0 1 1 0 1 1 1 1 1 0 1 0 1 0 0 0 1 1 1 1 1 1 1 1 0 1 1 1 0 1 0 1 1 1 1 0 0 1 0 1 1 1 1 1 1 0 0 0 1 1 1 1 1 0 0 1 1 1 0 1 0 0 0 0 1 1 1 1 1 1 0 0 0 1 0 0 0 1 0 0 0 1 1 1 0 0 0 1 0 0 1 0 0 1 0 0 0 0 0 0 1 0 1 1
0 1 1 1 1 0 0 1 0 0 1 0 1 1 0 1 0 1 0 1 0 0 0 1 1 1 1 1 0 1 1 1 0 1 1 1 1 1 1 0 1 0 0 0 1 0 0 1 0 1 1 1 0 1 1 1 0 1 0 1 0 1 1 0 0 1 0 1 1 0 0 1 1 0 1 1 0 1 0 0 1 1 0 0 1 1 0 1 1 0 1 0 1 0 0 0 0 1 1 0 0 0 1 1 1 0 0 0 0 0 0 1 0 0 0 0 1 0 1 0 1 1 1 1 1 0 0 1 1 1 0 0 0 1 1 1 0 1 1 1 1 0 1 0 1 1 1 0 1 1 1 1 0 0 0 1 0 0 0 1 1 1 1 1 0 1 0 0 0 0 1 1 0 1 0 0 0 1 0 0 1 0 0 1 0 0 1 1 0 0 1 0 0 0 1 0 0 0 0 0 0 1 0 0 1
0 0 0 0 1 0 1 0 0 0 0 0 0 0 0 0 1 1 0 1 1 0 0 1 1 0 1 0 1 1 1 1 0 1 0 0 0 0 0 0 0 1 1 1 1 0 1 0 1 0 0 1 0 0 1 0 0 0 1 1 0 1 0 1 1 1 0 1 0 1 1 0 1 0 0 0 0 0 0 1 1 0 1 1 0 0 1 1 1 0 1 0 1 1 0 0 1 1 0 0 0 1 0 0 0 1 1 0 0 0 1 0 0 0 1 1 0 1 0 1 1 1 0 1 1 1 1 1 1 1 0 0 1 0 0 0 0 1 0 1 0 1 0 1 0 1 1 0 0 0 1 1 1 0 1 0 0 0 0 0 0 0 1 0 0 1 0 1 1 1 1 1 1 1 0 0 1 0 0 0 0 0 1 0 0 0 1 0 1 1 0 0 1 1 0 1 0 0 0 0 0 0 1 0 1
1 0 1 0 1 0 0 1 1 1 0 1 0 0 0 1 0 0 0 1 0 0 1 0 0 1 0 0 0 1 1 1 0 0 0 0 1 0 1 0 1 1 0 1 1 1 1 1 1 1 0 0 1 0 1 1 1 1 0 1 0 1 0 1 1 1 1 0 1 0 0 0 0 0 1 1 0 0 1 0 1 0 1 1 1 1 1 0 0 0 1 1 0 1 1 1 1 1 0 1 1 1 1 0 0 1 0 0 1 1 0 1 1 0 1 0 0 1 1 0 1 1 0 1 1 0 1 0 0 0 0 0 0 1 1 0 0 0 0 0 1 1 1 0 0 0 0 1 1 0 1 0 1 0 0 1 1 1 1 0 0 1 0 1 0 0 0 1 0 0 0 0 0 0 1 0 0 1 1 1 1 1 1 1 1 0 1 0 1 1 0 0 1 0 1 1 1 0 1 0 1 1 0 1 0
0 0 0 1 0 0 0 1 0 1 0 1 1 1 1 1 1 0 1 1 1 1 0 1 1 0 0 1 0 1 0 0 0 1 1 1 1 1 1 1 0 0 0 1 0 0 0 1 0 1 1 0 1 1 0 1 0 0 1 1 1 1 1 1 0 1 1 1 1 0 0 1 1 1 0 1 1 1 1 1 0 0 0 0 1 0 1 1 0 1 1 1 0 1 1 1 0 1 1 0 1 0 1 1 1 0 0 0 0 1 0 1 1 1 0 1 0 0 1 0 0 0 0 0 1 1 0 0 1 1 1 1 1 1 1 0 0 1 1 1 0 1 1 1 0 0 0 1 0 0 0 0 1 0 1 1 1 1 1 0 1 0 0 0 1 1 1 1 0 1 1 0 0 1 1 1 0 1 1 1 0 0 0 1 0 0 0 0 0 1 1 1 1 0 1 0 0 1 1 0 1 0 0 0 0
1 0 1 1 0 0 0 0 1 1 1 0 1 1 0 0 0 1 0 1 1 1 1 1 0 1 1 0 0 0 0 0 1 1 0 1 0 0 1 1 1 0 1 0 0 0 0 1 0 0 0 0 0 1 0 1 1 0 1 0 1 0 1 1 1 1 0 0 1 1 0 0 1 0 1 0 1 1 1 1 1 1 0 0 1 0 0 0 0 1 0 1 0 1 0 1 0 0 1 0 1 1 1 1 1 0 0 0 1 0 1 0 0 1 1 0 0 0 0 0 0 0 1 1 0 0 1 1 0 0 1 0 0 1 1 1 1 0 0 1 1 1 1 0 1 1 1 0 0 0 0 0 0 1 1 0 1 0 0 1 0 1 0 1 1 0 1 0 1 0 0 0 1 0 0 1 0 0 0 0 1 1 0 0 0 1 1 1 0 0 1 0 1 0 0 0 1 1 1 0 1 0 0 0 0
0 1 0 0 0 0 0 0 1 1 1 1 1 0 0 1 1 1 1 1 1 1 0 0 1 1 1 1 0 0 1 1 1 1 1 1 0 1 1 0 0 0 1 1 1 0 1 0 0 0 1 1 1 1 0 0 1 0 0 0 1 0 1 1 0 0 0 0 1 1 1 1 1 0 1 1 0 0 1 0 0 0 0 0 0 0 0 0 1 1 0 1 1 1 1 1 0 0 1 0 0 0 0 1 0 1 1 0 1 1 1 0 1 0 0 0 1 1 1 0 0 0 0 0 1 0 1 0 1 0 0 0 0 1 1 0 1 1 1 0 0 1 1 1 1 1 0 0 0 0 1 1 0 0 0 1 1 0 0 1 0 0 0 0 1 1 0 0 1 1 1 0 1 1 0 0 1 1 1 1 0 1 0 1 1 0 1 0 0 0 0 0 0 0 1 0 1 1 1 1 0 1 0 1 1
0 0 1 1 1 0 1 1 0 0 0 0 0 1 0 0 1 0 1 1 0 1 0 0 1 1 1 0 0 0 0 1 1 1 1 0 0 1 0 1 0 1 1 1 1 0 1 0 1 0 1 0 1 0 1 1 0 0 1 1 0 0 0 1 1 0 1 1 1 1 0 1 0 1 1 0 1 1 1 0 0 0 1 1 1 1 0 1 0 1 1 1 1 0 1 0 0 0 1 0 0 0 0 0 1 1 1 0 1 1 0 1 1 0 1 0 1 1 0 1 1 1 0 0 1 1 0 0 1 1 1 1 1 1 1 1 1 0 1 0 1 0 1 0 0 1 1 0 0 0 1 0 0 0 0 1 1 0 0 1 1 1 1 1 0 0 1 0 0 0 1 0 1 0 1 1 0 1 1 1 1 0 0 1 1 1 1 0 1 1 0 1 1 1 1 0 0 1 1 1 0 0 1 1 0
1 0 0 1 0 0 1 1 1 0 1 0 0 1 0 0 0 1 0 0 0 0 1 1 1 0 0 0 0 1 1 1 0 1 1 0 0 1 0 1 1 0 0 0 1 0 0 1 1 0 0 1 1 1 1 0 0 1 0 0 1 0 1 1 0 0 0 0 0 0 1 0 0 1 1 0 1 1 1 1 0 0 1 1 1 0 0 0 1 0 1 0 0 0 0 1 0 1 0 0 0 0 1 0 1 0 1 1 0 0 0 1 1 0 0 0 0 1 0 1 0 0 0 1 1 1 0 0 0 1 1 1 1 1 0 1 1 0 0 0 0 0 1 1 1 1 0 1 0 0 0 1 0 1 1 1 1 0 1 1 0 1 0 0 0 1 0 1 0 1 1 1 0 0 0 1 0 0 0 1 0 1 0 1 0 0 0 1 0 1 0 0 0 1 0 1 1 1 0 1 0 0 0 0 0
1 1 1 1 1 0 0 0 0 0 0 1 1 0 0 1 0 0 0 0 0 0 1 1 1 0 1 1 1 1 0 0 1 0 0 1 1 0 1 1 0 1 1 0 0 0 0 0 1 1 0 0 1 1 1 1 1 1 1 0 0 0 0 0 1 0 0 0 1 0 1 0 1 1 1 1 1 0 1 0 0 0 1 1 0 1 0 1 0 1 1 1 0 1 1 1 1 0 0 0 0 0 1 1 1 1 0 1 1 1 0 1 1 0 1 0 0 0 0 0 0 0 0 0 1 0 1 0 1 0 1 0 1 1 0 1 1 1 0 1 1 0 1 0 1 0 0 1 0 0 1 0 0 0 0 0 0 1 1 1 0 1 0 0 0 0 0 1 1 1 1 1 1 1 1 1 1 1 1 0 0 1 1 0 1 0 1 1 1 1 1 0 0 1 0 1 1 0 1 1 1 1 1 0 0
0 0 1 0 0 0 0 0 0 0 1 1 0 1 0 0 0 0 1 1 1 1 0 0 0 1 1 1 1 0 1 1 0 0 1 0 1 0 1 0 1 1 0 1 1 1 0 0 0 1 1 0 0 1 0 1 1 1 1 1 0 1 0 1 0 0 1 1 1 1 0 0 0 0 0 1 0 1 1 0 1 1 0 1 1 0 0 0 0 0 0 1 1 0 1 0 1 1 0 1 1 0 1 0 0 0 1 0 0 1 0 0 0 0 1 0 0 0 0 1 1 1 1 0 0 0 1 0 1 1 1 0 0 0 0 0 0 1 0 1 1 0 1 0 1 1 0 0 0 1 1 1 1 0 1 0 1 1 1 0 1 0 1 0 1 1 1 1 1 1 1 0 0 1 1 1 1 0 1 1 0 1 0 0 1 1 0 1 0 1 1 1 1 1 0 1 1 0 0 1 1 0 0 1 0
0 0 1 1 1 1 0 0 0 1 1 1 0 0 0 0 0 1 0 1 1 0 0 1 0 0 1 1 1 0 0 1 0 1 0 1 1 0 1 0 1 1 1 1 1 0 1 1 0 0 0 1 0 0 0 0 0 0 1 1 1 0 0 1 0 0 0 1 0 1 0 1 0 0 1 1 1 0 0 1 1 1 1 0 0 0 0 1 1 0 0 0 0 0 1 1 1 1 1 0 0 0 0 0 1 0 1 1 0 0 0 0 1 0 0 1 1 0 0 1 0 1 1 0 1 0 0 1 0 0 0 1 0 1 1 0 1 0 1 1 1 1 0 0 1 1 0 0 0 0 1 0 1 1 1 1 1 1 0 1 1 0 1 1 1 0 0 1 1 1 0 0 0 0 0 1 0 1 1 1 1 0 1 1 0 0 0 0 0 0 0 0 1 0 1 0 1 0 1 1 0 1 1 1 0
0 1 0 0 0 0 0 0 0 1 1 0 1 0 0 0 0 0 1 0 1 0 0 1 1 0 1 1 0 0 0 0 1 1 1 1 0 1 1 0 0 1 0 1 0 1 0 1 1 1 1 0 1 1 0 0 0 0 1 0 1 0 0 0 1 0 1 1 1 0 0 0 1 1 1 0 1 1 0 1 0 1 0 1 0 1 0 0 1 1 0 0 1 1 0 0 1 0 1 1 1 0 0 0 0 0 0 1 1 0 0 0 1 0 1 1 0 1 0 0 1 0 1 1 0 1 1 1 1 1 0 1 0 1 1 1 1 0 1 0 0 0 0 0 1 1 1 0 0 0 1 1 1 0 0 0 0 0 0 1 1 0 0 1 1 1 0 0 0 0 1 1 1 0 0 1 0 1 0 0 0 0 1 1 1 1 1 0 1 0 1 0 1 0 1 0 0 0 0 1 0 0 0 0 1
1 1 0 0 1 0 0 1 0 1 1 1 0 1 1 0 1 0 1 0 0 0 1 1 1 0 1 1 1 1 0 0 1 1 0 0 0 0 1 1 1 1 0 1 1 0 0 1 0 1 1 0 0 1 0 0 1 1 1 0 1 0 0 0 1 1 0 0 0 0 0 1 0 0 0 1 1 1 1 0 1 1 1 0 0 1 1 1 0 0 0 0 1 0 0 1 0 1 0 0 0 0 0 0 0 0 1 1 0 1 1 0 0 1 1 1 1 0 0 1 1 0 0 1 1 1 0 0 1 1 1 0 0 1 1 1 1 1 1 0 1 1 1 1 0 0 0 0 1 1 1 0 1 1 0 1 0 1 1 0 0 1 1 1 1 0 0 1 0 0 1 0 0 1 1 1 0 0 0 0 0 1 1 0 1 1 1 0 1 0 0 1 1 0 1 0 1 1 1 0 1 0 1 1 1
1 1 1 1 1 1 0 1 1 0 1 0 0 0 0 1 0 0 0 0 1 0 0 0 1 0 1 1 0 1 0 0 0 0 0 0 0 1 0 1 1 1 0 1 1 0 0 0 1 1 0 0 0 0 0 0 1 0 1 0 0 1 0 1 1 0 0 1 1 1 1 1 0 0 0 0 1 1 0 1 0 0 1 1 0 0 0 0 0 0 0 1 1 0 0 1 0 1 0 0 1 1 0 0 0 0 0 1 1 0 1 0 0 1 0 1 0 1 0 1 1 0 0 0 1 1 0 1 1 0 0 1 1 1 1 0 1 0 0 0 1 0 0 1 0 0 1 0 0 0 0 0 0 0 1 1 0 1 1 0 0 1 1 0 0 1 1 1 0 0 0 0 1 0 1 1 0 0 0 0 0 1 1 0 0 0 0 0 1 1 1 1 1 1 0 1 1 0 0 0 1 1 0 0 0
0 1 1 1 1 0 1 1 0 1 1 0 1 1 1 1 0 0 1 1 1 1 0 0 1 0 1 0 1 0 1 1 0 1 0 0 1 1 1 1 0 1 0 1 0 0 0 1 1 1 1 0 0 0 0 0 0 0 0 1 1 0 0 1 1 0 1 1 1 0 0 0 0 1 0 1 1 0 1 0 1 0 0 0 0 0 1 0 1 1 1 1 0 1 0 1 0 1 0 0 0 1 1 1 0 0 1 0 1 1 0 0 1 1 1 1 0 1 1 0 1 0 1 0 1 0 0 0 0 1 0 0 1 0 0 1 1 0 0 0 0 0 1 0 1 1 0 1 1 0 0 1 0 1 1 1 1 0 0 1 1 1 0 0 1 1 0 0 1 0 1 1 0 1 0 0 0 1 1 1 0 1 1 1 1 0 0 0 1 0 1 0 1 1 0 0 1 1 1 0 0 0 0 0 0
0 1 1 1 1 0 1 1 1 0 1 1 0 1 0 1 1 0 0 1 0 0 0 1 0 1 0 0 1 0 0 0 1 0 0 0 0 0 1 1 0 0 0 1 1 0 1 1 1 1 1 1 1 1 0 0 1 1 1 1 1 1 1 0 1 1 0 0 1 0 1 0 1 0 1 0 0 1 0 0 0 0 1 0 0 0 1 1 1 0 0 1 0 0 0 1 0 1 0 1 1 1 1 1 1 1 1 1 0 0 0 1 1 0 1 0 0 1 0 0 1 0 1 1 1 0 0 1 0 1 0 0 0 0 1 1 1 0 0 0 0 0 0 1 0 0 0 0 1 0 1 0 1 0 0 0 1 0 1 0 0 1 0 1 1 1 1 1 1 1 0 1 0 1 1 0 0 0 1 0 1 0 0 0 1 0 0 0 1 1 1 1 0 1 0 0 0 0 0 1 0 1 1 0 1
0 0 0 0 1 1 0 1 0 1 0 0 1 0 1 0 0 0 0 1 0 1 1 1 1 1 0 1 1 0 1 1 0 0 1 0 1 1 0 0 0 1 0 0 1 1 0 1 1 1 0 0 1 0 1 0 1 0 0 1 1 1 0 0 0 1 1 0 1 0 1 1 1 1 0 1 0 0 0 1 0 0 1 0 1 0 1 0 1 1 0 1 1 1 1 1 1 1 1 1 1 0 0 1 0 1 0 0 0 1 0 1 1 1 1 1 1 0 0 0 0 0 1 0 0 1 1 0 1 0 1 1 0 0 0 0 0 0 0 0 1 1 0 1 0 0 0 0 1 1 0 0 0 0 0 0 1 1 0 1 1 1 1 1 0 1 0 1 1 0 0 0 1 1 0 1 0 1 0 1 1 1 1 0 0 0 1 0 0 1 1 1 1 1 1 0 1 0 0 0 1 0 0 0 1
1 0 0 0 1 0 0 1 0 1 1 1 1 0 0 1 0 0 0 0 1 1 1 0 0 1 0 0 1 1 0 1 0 1 1 0 0 0 1 1 1 0 1 1 1 0 0 1 1 1 1 0 1 1 0 0 0 0 1 1 0 1 0 1 0 0 1 0 1 1 1 0 1 0 1 1 0 0 0 1 0 1 0 0 0 0 1 0 0 1 0 1 0 1 1 1 0 0 0 1 1 1 1 0 1 1 0 1 0 1 1 0 1 0 1 1 1 0 0 1 1 0 0 1 1 1 1 1 0 0 0 0 1 1 1 1 0 0 1 0 0 1 1 0 0 0 0 1 1 1 1 1 0 1 0 0 0 1 0 1 1 0 0 1 0 1 0 1 1 0 1 0 0 1 0 1 1 0 1 0 0 1 1 1 0 0 1 0 0 1 1 1 0 1 1 1 1 0 1 0 1 1 1 0 0
1 0 1 1 1 1 1 0 1 0 0 1 1 1 0 0 0 1 1 1 1 1 1 0 1 0 0 0 0 1 1 0 0 0 1 0 0 1 1 0 0 1 1 1 1 1 1 0 1 1 0 0 0 0 0 0 0 1 0 1 0 0 1 1 0 0 1 0 1 0 1 1 1 1 0 1 1 1 0 1 0 0 0 0 1 1 0 1 1 0 0 0 0 1 1 0 1 1 1 1 1 0 1 1 0 0 0 0 1 1 0 1 0 0 1 0 0 0 0 1 1 1 1 1 0 0 0 1 0 0 0 1 1 0 1 1 1 1 1 1 1 1 0 1 0 1 1 1 0 1 0 0 1 1 0 0 0 1 1 0 1 0 0 1 0 0 1 0 1 0 0 0 1 1 0 0 1 1 0 0 0 0 0 0 1 1 0 0 0 1 0 1 0 1 1 1 1 1 1 1 1 1 1 0 1
1 0 0 1 1 0 0 0 0 1 1 0 1 0 0 1 1 1 0 0 1 1 0 1 1 0 0 0 0 1 0 0 0 0 0 0 1 0 1 0 1 0 1 1 1 1 0 1 1 1 0 0 0 0 1 0 1 0 1 0 0 1 1 1 0 1 0 1 0 1 1 0 1 1 1 1 1 0 0 0 1 0 0 0 1 1 0 1 1 0 1 1 0 0 0 1 0 0 0 1 1 1 1 1 1 0 0 1 1 1 0 1 0 0 0 0 0 0 0 0 0 1 0 0 1 0 0 0 1 1 1 0 1 1 0 1 1 1 1 0 0 1 0 1 0 0 1 0 0 0 1 1 1 0 1 1 1 1 1 1 0 0 0 0 1 1 0 0 1 0 1 0 1 0 0 1 1 1 1 0 0 0 1 0 1 0 1 0 0 0 1 1 0 1 1 1 1 1 1 1 0 0 1 1 1
0 1 0 0 1 1 1 0 0 0 0 0 0 1 0 0 0 0 0 1 0 0 0 0 1 0 1 0 1 0 1 0 1 0 1 1 0 1 1 0 1 0 0 0 1 0 1 1 1 1 0 1 0 1 0 0 0 1 1 1 0 0 1 0 0 0 1 1 0 1 1 1 0 1 1 1 1 1 0 1 1 1 0 0 0 0 1 0 1 1 1 0 0 1 1 1 0 1 0 1 0 1 1 1 0 0 0 1 0 0 0 1 1 1 1 0 1 0 1 1 1 0 1 0 0 0 0 1 0 0 1 1 1 0 0 1 0 1 0 1 1 0 1 0 1 1 0 0 1 0 1 1 0 0 1 0 0 1 1 1 0 1 0 1 1 1 1 0 0 1 1 1 0 0 1 0 1 0 1 0 1 0 0 0 1 1 1 0 1 1 1 0 0 1 1 0 0 0 1 1 0 1 1 1 0
1 0 0 1 1 1 1 0 0 1 0 0 1 1 0 0 0 1 0 1 1 0 1 1 1 1 0 1 1 1 0 0 0 1 0 0 0 1 1 1 1 0 1 0 1 0 0 0 0 0 1 1 0 0 1 0 1 1 1 0 1 0 1 1 0 1 0 0 0 1 0 1 1 0 0 0 0 0 0 0 0 0 1 1 1 0 0 0 1 1 1 1 1 0 1 0 0 0 0 1 1 0 0 0 0 0 1 0 0 1 1 1 1 0 1 0 1 0 1 1 1 1 0 0 1 1 0 0 1 0 1 0 0 1 1 0 1 1 1 1 1 0 1 1 0 1 1 1 0 0 1 1 1 1 1 1 0 0 1 0 0 1 0 0 0 0 1 0 0 0 1 1 0 0 1 1 1 0 0 1 0 1 0 0 0 0 1 1 1 1 1 1 1 1 0 0 1 1 1 0 1 1 1 0 1
1 0 1 0 0 1 0 1 1 0 0 0 1 1 1 0 1 1 1 1 1 0 0 1 1 0 0 1 0 1 0 0 1 0 0 1 0 0 1 0 0 0 0 1 1 0 0 1 1 1 0 1 1 1 0 0 0 1 0 0 1 0 0 1 1 1 1 1 0 0 0 1 0 1 0 1 1 0 0 1 1 0 0 0 1 1 1 1 1 1 1 1 0 0 0 0 0 0 1 0 0 1 1 1 1 1 0 1 1 1 1 0 0 1 0 1 1 1 1 1 1 1 0 0 0 1 1 1 0 1 1 1 0 1 1 1 0 1 0 1 1 1 1 0 0 0 0 0 0 0 1 1 0 0 1 1 1 0 1 0 0 0 1 1 0 0 1 0 0 0 1 0 1 1 0 0 0 1 0 0 1 1 0 1 0 1 0 1 1 0 0 0 1 0 0 0 1 1 1 0 1 0 0 1 0
0 0 0 0 1 0 0 0 0 0 1 1 1 0 1 1 1 0 0 0 0 1 0 0 1 0 1 0 1 0 1 0 0 1 0 1 1 1 0 1 1 1 0 1 0 0 0 0 1 0 1 1 1 0 0 1 1 0 1 1 0 1 1 1 0 1 0 1 0 0 0 1 0 0 0 0 0 1 1 0 1 1 1 0 1 0 1 1 0 1 0 1 1 1 1 1 1 0 1 1 0 1 0 0 1 1 0 0 1 0 1 1 1 1 0 1 1 0 0 0 0 1 0 1 1 1 1 0 1 0 1 0 1 1 1 1 0 1 0 0 0 0 1 1 1 1 0 0 1 0 1 0 1 0 0 1 1 1 0 0 1 0 0 1 1 0 1 0 0 0 0 1 0 1 1 0 0 1 1 0 1 1 1 0 0 0 1 1 0 0 1 0 1 0 0 0 0 0 1 0 0 0 0 0 1
1 1 1 1 0 0 0 0 0 0 0 1 1 0 0 1 0 0 0 1 0 1 0 1 0 0 0 0 0 0 1 1 0 0 1 1 1 1 1 0 1 1 0 1 1 1 0 0 1 0 1 1 1 0 1 1 1 0 0 0 0 0 1 0 0 0 1 1 0 0 0 1 0 1 0 0 1 1 0 1 0 0 1 0 1 1 1 1 1 1 0 0 0 1 0 0 0 1 1 1 1 1 0 1 1 0 1 1 1 0 1 0 0 0 0 1 0 0 1 0 1 0 0 1 1 1 0 0 0 0 0 1 1 0 1 1 1 0 1 1 0 0 1 0 1 1 0 0 0 1 0 1 1 1 1 0 1 1 1 1 0 1 1 0 0 1 1 0 1 0 0 0 1 0 0 0 1 1 1 0 0 1 0 0 1 0 1 0 0 1 1 1 0 1 0 1 0 1 1 1 1 0 1 0 1
0 1 0 0 0 1 1 1 0 0 0 0 1 1 1 1 0 0 1 0 1 0 1 0 1 1 0 1 1 1 1 0 1 1 1 1 1 0 0 0 1 0 1 1 0 0 1 0 1 1 0 1 1 1 1 0 1 0 0 1 1 1 1 0 0 0 0 1 0 1 1 0 0 1 0 1 1 1 0 1 0 1 1 1 0 0 0 0 1 1 1 1 1 1 1 1 0 1 0 1 0 0 0 1 1 1 0 0 1 0 1 0 1 1 1 0 0 0 0 0 0 0 1 1 1 0 1 1 1 0 1 1 1 1 0 0 0 1 0 0 0 0 0 1 0 1 0 1 0 1 0 1 1 0 0 0 0 0 0 1 0 1 1 1 1 0 0 0 0 1 1 0 0 0 0 0 0 0 0 1 0 1 1 1 1 1 1 0 0 0 0 1 1 1 0 1 0 0 0 0 0 1 0 1 1
1 1 0 0 1 0 1 0 1 0 1 0 0 1 0 1 1 0 0 0 1 0 0 1 1 0 1 0 1 1 1 1 0 1 1 1 0 0 1 1 1 1 1 1 0 1 1 1 1 0 0 1 0 0 0 1 0 0 0 1 0 1 1 1 0 0 0 1 1 1 1 0 0 0 0 0 1 0 0 1 1 0 0 1 0 1 0 0 0 1 0 0 1 1 0 1 0 1 0 0 1 1 1 0 1 0 0 0 0 1 1 0 1 0 0 0 1 1 1 1 0 0 1 1 1 1 0 0 0 0 1 1 1 1 1 1 1 1 1 1 1 1 1 0 0 0 1 0 0 1 1 1 0 1 0 0 0 1 0 1 0 1 1 0 0 1 0 0 1 0 0 0 0 1 1 0 0 1 0 1 0 1 1 0 0 1 0 0 0 0 0 0 1 1 0 1 0 0 0 0 0 1 1 0 0
0 0 1 0 1 0 0 0 0 1 0 1 1 1 0 0 1 0 1 1 0 0 1 0 1 1 1 1 0 0 0 0 1 1 0 0 1 1 0 0 0 0 0 0 0 1 1 0 0 1 1 1 1 0 0 0 1 1 1 0 0 0 0 0 0 1 1 0 1 1 1 0 1 1 1 0 0 1 1 0 0 0 1 0 1 1 1 1 1 1 0 1 0 1 1 0 0 1 1 1 1 1 0 0 0 1 0 0 0 0 0 0 1 0 0 0 0 0 1 1 1 0 1 1 0 0 0 0 0 0 1 0 1 1 1 1 0 1 0 0 1 0 0 1 1 0 1 0 0 1 0 1 0 0 1 0 1 1 0 0 0 1 1 1 0 1 1 0 1 0 0 0 1 1 1 0 1 1 1 0 0 1 1 0 0 1 1 0 1 0 1 0 1 0 0 1 1 0 1 1 0 1 0 0 1
1 1 0 1 1 0 1 1 0 0 1 1 1 1 0 1 0 1 0 0 1 0 1 1 0 0 0 0 1 0 0 0 1 1 0 1 1 0 0 0 0 0 1 1 1 1 0 0 1 0 1 1 0 0 1 1 1 0 0 0 1 0 0 1 0 0 1 0 0 1 0 0 1 1 0 0 0 0 0 1 0 1 0 0 1 1 1 1 0 0 1 1 0 1 0 1 1 0 0 0 0 0 0 0 0 0 1 1 1 0 1 1 0 0 1 0 1 0 0 1 1 0 0 1 0 0 1 0 0 0 1 0 1 0 1 1 1 1 1 0 0 1 0 0 0 0 1 0 1 0 1 0 0 0 0 1 0 0 1 1 1 0 1 0 1 0 1 0 1 1 0 1 0 0 0 1 0 0 1 0 0 0 0 1 1 0 0 0 0 1 0 0 0 0 1 0 0 0 1 1 0 0 0 1 1
1 0 0 0 1 1 1 0 1 1 0 0 0 1 1 0 1 0 1 1 1 1 1 0 0 1 1 0 1 1 0 0 0 1 1 1 0 0 0 1 0 0 1 0 1 0 1 1 0 1 1 1 0 0 1 1 1 0 1 0 1 1 0 0 0 0 1 1 0 1 0 0 0 1 0 1 0 1 0 0 0 0 1 1 1 1 0 0 1 0 0 0 0 1 0 1 1 1 1 1 1 1 0 0 1 0 0 1 0 0 0 1 1 1 0 0 0 1 0 0 1 0 0 0 0 0 1 1 0 1 1 0 1 1 0 1 1 1 1 1 0 0 0 0 1 1 0 0 0 0 1 0 0 0 1 0 0 1 1 0 1 1 1 1 1 0 0 1 1 0 0 0 1 0 1 0 1 0 0 1 1 0 0 0 0 0 0 1 1 1 1 0 1 1 0 0 0 0 1 0 1 0 1 0 1
1 1 0 1 0 1 1 0 0 1 0 1 0 0 1 0 0 0 0 1 1 1 1 0 0 0 0 0 1 1 1 0 1 0 1 1 0 0 0 0 0 1 0 0 0 0 0 0 1 0 0 1 0 1 0 0 1 1 0 1 1 1 1 1 0 1 0 1 1 1 1 0 1 0 1 0 0 1 0 0 0 1 1 0 0 0 1 0 1 0 1 1 1 0 0 0 1 0 0 1 0 1 0 1 1 1 1 1 0 1 1 0 0 0 1 1 1 1 0 0 0 1 0 0 0 1 1 0 0 1 0 1 0 0 1 0 1 0 0 0 0 0 1 1 1 1 1 0 1 1 0 1 0 1 0 0 1 1 1 1 1 1 0 1 0 1 0 0 1 0 0 0 1 1 0 0 0 1 0 1 1 0 0 0 0 0 0 0 0 0 1 0 1 0 0 1 1 0 1 0 0 1 1 1 1
1 1 0 0 0 1 0 0 1 1 0 1 0 1 0 0 1 0 1 1 1 0 1 1 1 1 1 0 1 1 0 0 1 0 1 1 0 0 0 1 1 1 1 0 0 0 0 1 0 1 0 1 0 0 0 1 1 1 0 0 1 1 0 0 1 1 1 1 1 0 1 1 0 1 1 1 0 1 0 0 1 1 1 0 0 0 0 1 1 1 1 1 1 1 0 0 1 0 1 0 1 1 0 0 1 1 0 0 1 1 0 0 1 1 1 1 0 0 0 0 0 0 0 0 0 1 1 0 0 1 0 1 0 0 1 1 0 0 0 1 0 1 0 1 1 0 1 1 0 0 0 1 0 0 1 0 0 0 0 0 1 1 1 1 0 0 0 0 0 0 0 1 0 0 1 0 0 0 0 1 0 0 1 0 1 1 1 0 0 0 1 1 0 1 0 1 0 1 1 1 1 0 1 0 1
0 1 0 0 1 0 0 1 1 0 1 1 1 0 1 0 0 0 1 1 1 0 0 0 0 0 0 0 0 0 0 0 0 1 0 0 1 0 0 0 0 0 1 1 0 1 1 0 1 0 0 0 0 0 0 0 0 0 1 0 0 0 0 0 1 1 0 1 1 1 0 0 1 0 1 0 0 0 0 0 0 1 1 0 0 0 0 0 1 0 0 0 1 0 0 0 1 0 0 1 0 0 1 1 1 0 1 0 1 0 0 0 1 1 0 1 0 0 0 1 1 0 0 1 0 1 1 0 0 0 1 0 0 0 1 1 0 1 0 1 0 0 0 1 0 1 0 1 0 1 0 0 0 1 0 0 0 0 1 1 0 0 1 1 1 1 1 1 0 0 1 0 0 0 0 0 1 0 1 0 0 1 0 1 1 0 1 1 1 0 0 1 0 0 0 1 0 0 0 1 0 0 1 0 0
1 1 0 0 1 0 0 0 1 1 0 0 1 0 1 1 1 0 1 1 1 1 1 0 0 0 0 0 0 1 1 0 1 1 1 1 1 0 0 1 0 0 0 1 0 0 1 1 1 0 1 0 0 1 0 0 1 0 1 0 0 1 0 0 1 0 0 0 1 0 0 1 1 1 0 1 1 1 0 0 0 1 0 0 1 1 1 1 1 0 1 1 0 1 1 1 0 1 1 0 1 0 0 1 0 0 1 1 0 0 0 0 0 0 0 0 0 1 1 0 0 1 1 0 1 1 0 1 0 1 0 0 1 1 0 0 1 1 1 0 0 1 1 1 1 0 1 1 0 0 1 1 1 1 0 1 1 0 1 0 1 1 0 0 0 1 1 1 1 1 0 0 0 1 1 1 0 1 1 1 1 0 0 0 1 0 0 1 0 1 0 0 1 1 1 1 0 1 1 0 1 0 0 1 1
0 0 0 0 0 0 1 1 0 1 1 0 0 1 1 0 0 1 0 1 0 0 1 1 0 1 0 1 0 0 0 1 0 1 0 0 1 0 0 0 1 1 0 0 1 0 1 1 1 1 1 1 1 0 0 1 0 0 1 0 0 1 0 0 0 0 0 1 0 1 0 1 1 0 0 0 1 0 1 1 0 0 0 1 1 0 1 1 0 1 0 0 0 1 0 1 1 0 0 1 0 0 0 0 1 0 1 1 1 1 0 0 0 0 1 1 0 0 0 0 0 0 1 1 1 1 0 1 1 1 0 1 0 0 0 0 1 0 0 0 1 1 1 0 0 1 1 0 0 1 1 1 1 1 1 1 1 0 0 1 0 0 1 0 1 1 0 1 0 1 1 1 1 0 0 1 1 1 1 0 1 0 0 1 1 0 1 0 1 1 0 1 1 0 1 1 0 1 0 0 0 0 0 1 1
1 1 0 0 0 0 1 0 1 0 0 0 1 0 1 1 1 1 1 0 1 1 1 0 0 0 0 1 1 1 1 0 0 1 0 0 1 1 0 1 1 1 1 1 1 1 1 1 1 1 0 0 0 1 0 1 1 1 0 1 0 1 1 1 1 0 1 1 1 1 0 0 0 1 1 1 1 1 0 0 0 1 0 0 0 0 1 0 0 0 0 0 1 1 0 0 0 0 1 1 0 1 1 1 0 1 1 1 1 0 1 0 1 0 0 1 1 0 1 1 0 0 1 0 1 0 1 0 0 0 0 1 1 1 1 0 0 0 1 1 0 1 0 1 0 1 1 1 1 0 1 0 0 1 1 1 1 1 0 0 0 1 0 1 1 1 0 0 1 1 1 0 0 1 1 0 1 0 1 1 0 0 0 1 0 0 0 1 0 0 1 1 0 0 0 0 1 1 0 1 0 1 0 0 0
1 1 1 1 1 1 1 1 0 0 1 1 0 0 1 0 1 1 1 1 1 0 0 0 0 1 1 1 1 0 1 0 1 1 0 1 0 1 1 0 0 0 1 0 1 1 1 1 0 1 1 1 0 1 1 1 1 0 0 0 1 0 1 0 0 0 0 1 1 0 1 1 0 1 0 1 1 0 0 0 0 0 0 1 0 1 1 1 1 0 1 0 0 1 0 1 1 1 1 1 0 0 1 0 0 1 1 1 1 1 0 1 1 1 0 1 1 1 0 1 0 1 1 0 0 0 0 1 0 1 1 1 1 0 1 0 1 1 0 1 0 1 0 1 0 0 1 0 1 1 1 0 1 1 1 1 1 0 0 1 0 0 0 1 0 0 0 1 1 0 1 1 0 0 1 1 0 0 0 1 0 1 1 1 0 1 1 0 0 0 1 0 1 0 1 1 0 0 0 1 1 1 1 0 0
0 0 0 0 0 0 1 1 0 0 1 0 0 0 1 0 1 0 0 0 0 0 0 1 0 0 1 1 0 1 1 0 1 0 0 0 0 0 1 1 0 1 1 1 1 0 0 0 1 0 1 1 0 0 0 1 0 1 1 0 1 1 0 1 0 1 0 0 1 1 1 0 0 0 1 0 1 1 1 1 0 1 1 1 0 0 1 1 0 0 1 1 1 0 1 1 0 1 1 0 0 1 0 1 0 0 0 1 0 0 1 0 0 1 0 0 0 0 0 1 1 0 1 0 1 1 0 0 0 0 1 0 1 0 1 1 0 0 1 0 1 0 1 1 1 1 0 0 0 0 0 0 1 1 0 0 0 1 1 0 1 1 0 1 1 1 0 0 1 0 1 0 1 1 0 0 1 1 0 1 0 1 0 1 1 0 1 1 1 1 0 1 0 1 0 1 0 0 0 0 1 0 1 0 0
1 0 1 0 1 1 1 1 1 0 0 1 0 0 1 0 0 0 0 1 0 1 0 0 0 0 0 0 1 1 1 1 1 1 0 1 1 0 0 0 0 0 1 0 0 0 1 1 0 1 1 1 0 0 1 1 0 1 0 1 1 0 1 0 0 0 0 1 1 1 0 1 1 0 1 1 1 1 0 1 0 1 0 1 1 0 0 0 0 1 0 1 0 0 1 1 0 0 0 1 0 0 1 0 0 0 1 0 0 1 1 1 0 0 1 1 1 0 0 0 0 0 1 0 1 1 1 0 1 1 1 0 0 1 0 1 0 0 0 0 1 0 0 0 0 1 1 1 0 1 0 0 0 1 1 1 1 0 1 0 0 0 0 1 1 1 0 0 0 0 0 1 1 0 0 1 1 1 0 0 0 1 1 0 1 0 1 1 1 1 0 0 1 0 1 1 1 1 1 1 0 1 1 0 0
1 0 1 1 0 0 1 0 0 0 1 1 0 1 1 1 1 1 0 1 0 1 1 1 1 1 1 1 1 0 0 1 1 0 1 1 0 1 0 1 0 0 0 0 0 1 0 1 0 1 0 0 1 1 1 0 1 0 0 0 0 0 1 1 1 0 0 0 0 0 1 0 0 0 0 1 1 1 0 0 0 0 1 0 0 1 1 0 1 1 0 1 1 1 0 0 1 0 1 0 0 1 1 1 0 1 1 0 1 0 0 1 0 1 1 0 1 1 0 0 0 0 1 0 0 0 1 0 0 1 0 0 0 1 0 1 1 0 1 0 0 1 0 1 1 1 1 1 1 0 0 1 1 1 1 1 0 1 0 1 1 1 1 0 0 0 0 1 0 1 1 1 0 0 0 1 1 0 0 0 0 1 0 0 0 1 1 1 1 1 0 0 0 1 0 0 1 1 1 0 0 0 0 1 1
0 1 1 1 0 0 1 0 0 0 1 1 1 0 0 0 1 0 1 1 1 0 0 1 1 0 1 1 0 0 1 0 0 1 0 0 0 0 0 0 0 0 1 0 0 1 1 1 0 1 1 1 1 0 0 0 1 0 0 1 0 0 0 0 0 0 1 1 1 1 0 1 1 0 0 0 0 1 1 1 0 1 1 0 1 1 0 0 0 0 1 0 1 1 1 0 1 0 0 1 1 1 0 1 1 0 1 0 1 1 1 0 1 0 1 1 1 0 1 1 1 1 0 1 1 0 1 0 0 0 1 1 1 0 1 1 1 1 1 0 1 1 0 0 0 0 1 1 0 0 1 1 0 0 0 1 1 1 0 0 0 0 1 0 1 0 1 1 1 0 0 1 0 1 1 0 1 1 1 0 0 0 1 1 0 0 0 0 1 1 1 1 1 0 0 1 1 0 1 0 0 0 0 0 1
1 0 0 1 1 1 1 1 1 0 0 0 0 0 1 1 0 0 0 0 0 0 1 0 1 1 1 0 1 1 0 0 0 1 0 0 1 1 1 0 1 1 0 0 1 1 0 1 1 1 0 0 0 0 1 0 0 1 1 0 1 0 0 1 0 1 1 0 1 1 1 0 1 1 1 1 1 1 1 1 0 0 1 1 0 1 0 0 0 1 0 0 0 0 1 0 1 0 1 1 0 1 0 1 1 1 1 1 0 1 0 0 1 1 1 0 0 1 1 0 1 1 0 0 0 0 1 1 1 0 0 0 1 1 1 0 0 0 1 0 0 1 0 0 1 1 0 1 1 0 1 0 1 1 1 0 1 1 0 1 1 0 1 1 1 0 1 0 0 1 0 0 1 1 1 1 0 0 1 1 1 0 0 0 0 1 1 1 1 0 1 0 1 1 1 0 0 0 1 1 1 0 0 0 0
1 0 0 0 0 0 0 1 0 0 0 0 0 0 1 0 0 1 0 1 1 1 0 0 0 0 1 0 0 1 1 1 1 1 0 0 0 1 1 0 1 0 1 1 1 0 1 0 0 0 1 0 1 0 1 1 0 1 1 1 1 1 0 1 1 0 0 1 1 1 1 1 0 1 0 1 1 0 0 0 1 1 0 0 0 1 1 1 1 0 1 0 0 0 1 0 0 0 1 0 0 1 0 1 0 0 0 0 0 0 0 0 1 1 0 0 1 0 0 1 1 0 1 1 0 0 1 1 0 0 1 1 0 1 1 0 1 0 0 0 0 1 1 1 1 0 0 0 0 0 0 1 1 1 1 1 0 0 1 1 0 0 0 0 0 1 1 0 1 1 1 1 0 1 0 1 1 0 0 1 1 1 1 1 1 0 1 1 1 1 0 1 1 0 1 1 0 0 0 0 0 0 0 0 1
0 0 0 0 0 1 1 1 1 1 0 0 0 0 0 1 1 1 0 0 0 1 0 0 1 0 1 1 0 1 1 0 1 0 1 0 1 0 1 0 0 1 1 1 0 1 1 0 0 0 0 1 1 0 0 1 0 0 0 1 0 0 0 1 0 1 1 0 0 1 1 1 1 0 0 0 0 0 1 1 0 1 1 0 1 1 1 1 0 1 0 1 0 0 0 1 1 1 1 1 0 0 0 1 1 1 1 1 0 1 0 1 1 1 0 1 0 1 1 1 0 0 1 0 0 1 0 0 0 0 1 1 0 0 0 0 0 1 1 0 0 0 0 1 0 0 1 1 1 1 1 1 0 1 0 0 1 0 1 0 0 0 0 1 0 0 0 0 0 0 1 0 1 0 1 0 0 0 1 0 1 1 0 0 1 1 0 1 0 1 1 0 1 1 1 0 0 1 0 0 1 0 0 1 0
0 0 0 0 0 1 0 0 0 1 0 0 0 1 1 0 0 1 1 0 0 1 0 0 1 0 1 1 0 0 1 0 1 0 0 0 0 0 0 0 0 1 0 0 0 0 0 0 0 1 0 1 1 0 0 1 1 0 1 1 1 1 0 0 1 0 0 1 1 0 1 0 0 1 0 0 0 1 0 1 1 0 0 1 0 0 0 0 1 0 1 0 0 0 0 1 1 1 1 1 1 0 0 1 1 0 0 1 1 1 1 0 0 1 1 0 0 1 0 0 0 0 1 1 0 1 1 0 0 0 0 1 0 0 1 0 0 1 1 1 1 1 1 0 0 1 1 0 0 1 0 0 0 1 1 0 1 0 1 0 1 1 0 1 0 0 0 1 1 0 0 1 1 0 0 1 1 0 1 0 1 1 0 0 0 1 1 1 1 1 1 1 1 0 1 0 0 1 0 1 0 1 1 0 0
1 0 1 0 1 0 0 1 1 1 1 1 1 0 1 1 0 0 1 1 0 1 1 0 1 1 0 1 0 0 0 0 0 1 0 0 0 1 1 1 0 0 1 0 0 1 1 1 0 0 0 0 1 1 1 0 0 0 0 0 0 1 0 0 0 0 0 1 1 0 0 1 1 1 1 0 1 0 1 1 1 1 1 0 1 0 0 1 1 0 0 0 0 0 1 0 1 0 0 0 1 1 1 1 0 0 1 1 1 0 1 0 1 1 0 0 0 1 1 1 1 0 1 0 0 1 1 0 0 0 1 1 1 1 0 0 1 1 1 0 1 1 1 1 1 0 1 0 1 1 0 0 1 0 1 0 0 1 0 0 0 0 0 1 0 0 1 0 1 0 1 1 0 0 1 1 1 1 1 1 0 1 0 0 1 1 1 1 1 1 0 0 0 0 1 1 0 0 0 1 1 1 1 1 1
1 0 0 0 0 1 1 1 1 0 0 1 1 1 0 0 1 1 0 1 0 0 1 0 0 0 1 1 1 1 1 1 1 0 0 1 0 1 0 0 0 0 1 1 1 0 0 0 1 0 0 1 0 0 1 0 1 1 0 0 1 0 0 0 0 0 0 0 0 0 0 0 1 0 1 1 1 0 0 0 0 0 1 0 1 0 0 1 1 0 0 1 0 1 0 0 1 0 1 0 0 1 0 1 1 1 1 1 0 0 0 1 1 0 0 1 0 0 0 1 0 1 0 0 0 1 0 1 0 0 1 0 1 1 0 1 1 0 0 0 0 0 0 0 1 0 0 0 1 0 0 1 0 0 0 1 1 0 0 1 0 1 1 0 1 0 0 0 0 1 0 0 0 0 1 1 1 1 1 0 1 0 0 1 1 0 1 0 1 0 1 1 0 1 0 1 0 1 0 0 0 1 0 0 1
1 0 1 0 0 0 0 1 0 0 0 0 1 1 0 1 1 1 1 1 1 1 1 1 0 1 1 1 0 1 1 1 0 0 0 0 0 1 0 0 1 1 0 0 0 1 0 0 0 1 1 1 0 0 1 0 1 1 1 1 0 1 0 1 1 0 0 0 0 1 0 0 1 1 0 1 1 1 0 0 1 1 1 0 0 0 0 0 0 0 1 1 0 0 1 0 0 0 0 0 1 1 1 1 1 0 1 0 1 0 1 0 1 0 0 1 1 1 1 1 0 0 0 1 0 0 1 1 0 0 1 1 1 0 1 0 0 0 1 1 1 0 0 0 0 0 0 1 1 1 0 0 1 1 0 1 0 1 0 1 1 0 0 0 0 1 1 1 0 0 1 0 0 0 1 0 1 1 0 0 0 0 0 1 1 0 0 0 0 0 0 0 1 1 0 0 1 0 0 1 1 1 1 1 0
0 1 0 0 0 1 0 0 0 0 1 0 1 0 1 1 0 1 1 0 1 1 0 1 1 1 0 0 0 0 0 1 1 1 1 0 0 0 0 1 1 0 0 0 1 0 0 0 0 0 1 0 1 1 1 0 0 1 0 0 0 0 1 0 0 0 0 0 0 1 1 0 0 0 1 0 0 0 1 1 1 0 1 1 1 0 1 0 0 1 1 1 0 1 0 1 0 0 1 0 0 0 1 1 1 1 1 0 1 1 1 1 1 1 1 0 1 0 0 0 0 1 0 1 0 1 1 1 1 1 0 1 1 0 1 0 0 1 1 1 0 0 0 0 0 1 1 0 1 0 1 1 1 0 1 1 0 0 0 0 0 0 1 0 1 0 0 1 0 0 0 0 0 1 1 1 1 1 1 0 1 1 0 1 1 0 0 1 1 1 1 1 0 1 0 0 0 0 1 1 0 0 1 0 0
0 1 0 0 0 0 0 1 0 0 1 1 0 0 1 1 1 1 1 1 1 0 1 0 1 1 1 1 1 1 0 0 0 1 0 1 1 1 1 0 0 0 0 0 1 0 1 0 1 1 0 1 1 1 0 1 0 0 1 1 0 0 0 0 0 0 0 0 0 1 0 0 1 0 0 0 0 1 0 1 0 0 0 1 1 0 1 0 1 0 0 0 0 0 0 1 1 1 0 1 0 0 0 0 0 1 1 1 0 1 1 1 0 1 0 0 1 1 1 0 1 1 1 0 1 0 1 1 1 1 0 1 1 1 0 0 0 1 0 1 0 1 1 1 1 0 1 1 0 0 1 1 1 0 0 0 0 1 1 1 1 0 1 1 1 0 0 1 1 0 0 0 1 0 1 0 0 0 1 1 0 0 0 1 0 0 1 1 0 1 1 1 0 0 1 1 1 0 1 1 0 0 0 0 0
0 1 0 0 1 0 1 0 1 1 0 0 1 0 1 0 1 1 0 1 0 1 1 1 0 0 1 0 0 0 1 0 0 1 0 0 1 1 0 1 1 0 0 1 1 0 1 0 0 1 0 0 0 0 0 1 0 1 1 0 1 0 0 0 0 1 0 1 0 0 1 0 1 1 0 1 1 1 1 0 1 0 0 1 1 0 1 1 0 1 1 1 1 1 1 1 1 1 0 1 1 0 0 0 1 1 0 1 1 0 1 1 0 0 1 0 1 1 0 0 1 0 0 1 1 0 0 1 0 1 1 1 1 0 1 1 1 1 1 0 1 1 0 0 0 1 0 1 1 0 1 1 0 1 0 1 0 1 0 1 1 1 0 1 0 0 0 0 0 0 0 0 0 1 1 0 0 0 0 0 1 0 1 0 1 1 0 1 1 0 0 0 0 0 1 0 1 0 0 1 1 1 1 1 0
1 0 1 1 1 0 1 0 0 1 0 0 0 1 0 0 0 1 1 1 0 0 1 0 0 0 1 0 1 0 0 0 0 0 1 0 1 1 0 0 0 0 0 1 0 0 0 1 0 1 1 1 0 1 0 1 1 0 1 1 0 0 1 0 0 0 0 0 1 0 1 0 0 0 0 0 0 1 0 1 0 0 1 1 0 1 1 0 1 1 0 0 0 0 0 1 0 1 1 0 0 1 1 0 0 1 1 1 1 1 0 0 1 0 1 1 0 1 0 0 0 1 0 0 0 1 1 1 1 1 1 1 1 1 0 1 0 0 0 1 1 0 0 0 1 0 1 0 0 1 1 1 0 0 1 1 1 1 1 0 1 1 1 0 1 1 1 0 1 1 0 0 0 1 0 0 0 1 1 1 0 0 0 0 0 0 0 1 0 0 0 1 1 1 1 1 0 1 0 0 0 0 0 0 1
0 1 1 1 1 1 1 0 1 0 1 0 0 1 1 1 1 0 1 1 1 1 0 1 0 1 0 0 0 1 1 0 0 1 0 1 1 0 0 1 0 0 1 0 1 0 0 0 1 1 1 1 1 1 0 0 1 0 0 0 0 1 1 0 0 1 0 1 1 0 1 1 0 1 0 1 1 0 1 1 1 1 1 0 0 1 1 0 0 1 0 1 0 1 1 1 0 1 1 1 0 1 1 0 0 1 0 0 1 1 1 0 0 0 1 1 1 0 0 1 0 0 1 1 0 0 0 1 0 1 1 0 1 1 1 0 0 1 1 0 1 0 1 1 0 1 1 0 1 1 1 1 0 1 0 0 0 1 0 0 0 0 1 1 1 1 0 1 1 0 1 0 0 0 0 0 0 0 0 0 0 1 1 0 1 1 1 0 1 0 0 0 1 0 0 1 0 1 1 0 1 0 0 0 0
1 0 0 0 0 1 1 0 0 1 1 1 1 0 1 1 0 0 0 0 0 0 0 1 1 0 1 0 1 0 0 0 1 1 0 0 0 1 0 0 1 0 1 0 0 1 0 0 1 0 0 1 0 1 0 1 0 0 0 0 0 1 0 0 1 0 0 1 1 1 0 0 1 0 1 0 0 1 0 1 0 1 0 1 0 1 1 1 0 0 1 0 0 0 0 1 0 1 1 1 1 0 0 1 0 1 1 0 1 0 0 0 1 1 1 0 0 0 0 0 0 0 1 1 1 0 1 1 1 0 1 1 0 1 0 1 1 1 1 0 0 0 1 0 1 0 0 1 0 0 0 0 1 0 0 1 0 1 1 0 0 1 0 1 0 1 1 1 1 1 1 0 1 0 0 1 1 1 1 0 0 0 0 1 1 1 0 0 0 0 0 1 1 1 1 0 0 0 0 1 1 1 0 1 0
1 1 1 0 1 0 1 1 1 1 0 0 0 1 1 1 0 1 0 1 1 0 0 0 0 0 1 0 1 1 1 0 1 0 1 0 0 1 1 0 1 0 1 0 1 0 1 1 0 1 0 1 0 0 0 0 1 0 0 1 0 0 0 0 0 1 1 1 1 1 0 0 0 0 1 1 0 0 0 0 0 1 0 1 0 1 1 1 0 0 1 0 0 0 1 0 0 0 1 1 1 0 1 1 1 0 1 1 0 1 1 1 0 1 0 0 1 1 0 0 0 0 1 0 1 1 0 1 1 0 0 1 0 0 0 0 1 0 1 1 0 1 0 0 0 0 0 1 0 0 1 0 1 1 1 1 1 1 1 1 0 1 1 1 0 1 1 0 0 0 1 0 1 1 0 0 1 1 0 0 0 0 1 1 1 0 0 0 0 1 1 1 0 0 0 1 1 1 1 1 1 0 0 1 1
1 1 0 1 1 0 0 0 1 0 1 1 0 1 1 1 0 1 0 0 0 0 0 1 1 0 0 1 1 1 1 1 1 0 1 1 0 0 1 0 1 0 1 1 0 0 1 1 1 1 0 0 1 1 0 0 1 1 0 1 0 1 0 1 1 1 1 0 1 1 0 1 0 0 1 1 0 0 0 0 0 0 1 0 0 0 0 1 1 0 0 1 0 0 0 1 1 1 1 0 1 0 1 1 1 1 0 0 0 0 1 1 1 1 0 0 1 0 1 0 1 0 0 1 1 0 1 0 0 0 0 0 0 0 1 0 0 0 1 0 1 1 0 1 1 1 0 0 0 0 1 0 0 0 0 0 1 0 1 0 1 1 0 1 1 0 0 0 0 0 0 0 1 1 1 1 1 0 1 0 1 0 1 0 0 0 1 0 0 0 1 1 1 1 1 1 0 1 0 1 0 0 0 0 0
0 0 0 1 0 1 1 1 0 0 1 0 1 0 0 0 0 1 1 0 1 0 0 0 1 0 1 1 0 1 1 1 0 0 1 1 0 0 1 0 0 1 1 1 0 1 1 1 0 1 1 1 0 1 1 1 1 0 0 0 0 0 0 0 0 1 1 1 0 0 0 1 1 1 1 1 1 0 1 0 1 0 1 0 1 0 0 0 0 1 1 1 0 1 0 1 1 1 0 0 1 1 0 1 0 1 1 1 0 0 1 0 0 1 1 0 1 0 1 1 0 0 0 1 0 1 1 0 1 0 0 1 0 1 1 1 0 0 1 1 0 1 1 0 0 0 0 0 1 0 1 0 1 0 0 0 1 1 0 1 1 1 1 1 1 0 0 1 1 0 0 0 1 1 0 0 1 1 0 0 1 0 1 0 0 1 1 0 0 1 1 0 0 1 1 1 0 0 1 1 1 0 1 1 0
0 0 0 1 0 1 0 0 1 1 1 0 0 1 1 0 1 1 0 1 1 0 1 1 0 0 1 0 1 1 0 0 0 0 1 0 0 0 0 0 1 0 1 0 0 0 1 1 0 1 0 0 1 1 1 0 0 0 1 0 1 0 1 1 1 1 0 1 1 1 0 1 1 0 0 0 0 0 1 0 0 1 1 1 0 1 1 1 1 0 1 1 1 0 0 0 0 0 1 0 0 0 1 0 0 1 0 1 0 0 0 1 1 1 0 1 0 1 1 1 1 1 1 1 0 0 1 0 0 1 0 1 1 1 0 1 0 1 1 1 1 0 1 1 1 1 0 1 0 1 0 0 1 0 1 0 1 0 0 1 0 0 0 0 0 0 1 0 1 1 1 1 1 1 1 1 1 0 1 1 0 0 1 1 0 0 0 1 0 1 1 0 0 0 1 1 0 1 1 1 1 1 1 0 0
1 0 0 0 0 1 1 1 1 0 1 1 1 0 0 1 1 0 1 1 1 0 1 1 0 0 1 0 1 0 0 1 0 0 0 0 1 0 0 1 1 0 0 0 1 1 1 1 0 1 0 0 1 1 0 0 1 1 0 1 0 0 1 0 1 1 0 0 1 1 0 0 0 0 1 1 0 1 0 0 0 1 0 0 1 0 1 0 1 1 1 1 0 1 1 1 0 0 0 1 1 0 1 1 0 1 0 1 0 1 1 0 0 1 1 1 1 0 1 1 1 1 1 0 0 0 0 1 1 1 0 0 1 1 0 1 0 1 0 0 1 0 0 1 1 1 0 0 0 0 1 0 0 1 0 1 0 0 0 0 1 1 0 1 0 1 0 0 0 1 1 1 0 0 1 0 1 0 0 1 1 0 0 1 0 1 1 0 1 1 0 1 1 1 1 0 0 1 1 1 0 0 1 0 1
0 0 0 0 0 0 0 0 1 1 0 1 0 0 1 0 1 1 0 1 1 1 0 0 0 0 1 0 0 1 0 0 0 0 0 1 0 1 1 1 1 0 1 0 1 1 1 1 0 0 1 0 0 0 0 1 1 1 1 1 1 1 1 0 1 1 1 0 0 0 1 1 1 1 0 0 1 1 1 0 1 1 1 0 1 1 1 0 0 1 0 1 1 0 1 0 0 0 1 1 0 0 1 1 1 1 0 0 1 0 0 1 1 1 1 1 1 0 0 1 1 1 1 0 0 0 1 1 1 1 0 0 1 0 1 1 0 0 1 0 1 1 1 0 0 1 1 0 1 0 1 1 1 0 0 1 1 1 1 0 0 1 1 0 1 0 1 1 0 0 0 0 0 1 0 0 0 1 1 0 0 1 0 1 1 1 1 0 1 0 1 1 0 1 1 0 0 1 0 0 0 1 1 0 1
1 1 1 1 1 0 0 0 1 0 0 0 0 1 1 0 1 1 1 1 0 1 1 1 1 1 1 1 0 0 0 0 0 1 0 0 1 1 0 0 1 1 1 1 1 0 0 1 1 0 1 1 1 1 0 0 1 1 0 1 0 1 1 0 1 1 1 0 1 0 0 1 1 1 1 0 1 0 0 1 1 0 0 1 1 0 0 0 1 1 0 1 0 0 0 1 0 0 0 1 0 0 1 0 0 0 0 1 1 0 0 0 1 1 0 0 0 1 1 0 0 0 1 0 1 1 1 1 0 1 0 0 0 0 0 1 0 0 0 0 0 0 0 1 1 1 1 0 0 1 1 1 1 1 0 1 1 1 0 0 0 0 0 0 1 1 0 0 1 1 0 0 1 1 1 0 1 1 1 0 0 0 1 1 1 1 0 0 0 0 1 0 1 0 1 0 0 0 1 0 0 1 0 1 1
1 1 0 1 0 1 0 1 0 1 0 0 1 0 0 0 0 1 0 1 1 1 0 1 0 0 1 1 1 1 0 1 0 0 0 0 0 0 0 0 0 1 0 1 0 0 1 1 1 0 1 1 1 1 1 0 1 0 1 0 0 1 1 1 1 1 0 1 1 0 0 0 0 1 0 1 1 0 0 1 1 0 1 0 0 0 1 0 0 0 1 1 0 1 0 0 1 1 0 0 1 1 0 0 1 1 0 1 0 1 0 0 1 0 0 1 1 1 1 0 0 0 0 0 1 1 0 0 1 1 0 0 0 1 1 1 0 0 0 1 1 1 1 0 1 0 1 1 1 1 1 0 0 1 0 1 1 0 0 1 0 1 0 0 0 0 1 0 1 0 0 1 1 0 0 0 0 0 1 0 0 1 0 0 1 1 1 1 0 0 0 0 0 1 0 1 1 0 1 1 0 0 1 0 0
0 0 0 0 1 0 0 0 0 0 0 1 1 1 1 1 0 1 0 0 1 0 0 0 0 1 1 1 0 0 0 1 0 0 0 0 1 1 0 1 1 1 0 0 1 1 1 1 0 1 1 0 0 0 1 0 1 0 0 0 0 1 0 1 0 1 1 0 0 0 1 1 0 1 0 0 1 1 1 0 0 0 0 1 1 0 0 0 0 0 0 0 0 1 1 1 1 1 0 1 1 1 0 1 1 1 0 0 1 0 0 1 1 1 0 1 1 1 1 1 1 0 0 1 1 0 1 0 1 1 0 1 1 0 1 0 1 1 1 1 1 1 1 1 1 0 0 0 1 0 0 0 0 1 1 1 0 0 0 1 0 0 0 0 1 0 0 0 0 0 1 1 0 1 1 0 0 0 0 1 0 0 0 1 1 1 0 0 1 0 0 0 0 1 0 0 1 0 0 1 0 1 1 1 0
0 0 0 1 0 0 1 0 0 1 0 0 0 0 0 0 1 1 1 0 1 1 0 0 1 1 1 1 1 1 0 0 1 0 0 0 1 0 0 1 0 1 1 0 1 0 1 0 0 0 1 1 0 0 1 1 1 0 1 0 1 0 0 1 0 1 1 1 0 1 1 0 0 0 0 1 1 1 0 0 1 0 0 1 0 0 1 1 1 0 1 1 0 1 0 1 0 0 1 1 1 1 1 1 1 1 1 0 0 0 0 1 1 1 1 1 1 1 0 1 0 0 0 1 1 1 0 1 0 1 1 0 0 1 1 0 0 0 1 0 1 1 1 1 0 0 0 0 1 0 1 0 0 0 1 1 0 0 0 1 1 1 1 0 0 0 0 0 0 1 1 1 0 1 0 0 1 1 1 0 1 1 0 1 0 0 1 0 1 1 0 0 1 0 0 0 1 1 1 0 0 0 1 1 1
1 1 1 1 0 1 1 0 0 1 0 0 0 0 1 1 1 1 0 1 1 0 1 0 0 0 1 0 0 0 0 0 0 0 1 0 1 0 0 0 1 1 0 0 1 0 0 1 1 1 1 0 0 1 1 0 1 0 1 0 0 0 1 0 1 0 0 0 1 0 1 1 0 1 1 1 1 1 1 1 1 0 0 0 1 0 0 1 0 1 1 1 1 0 1 0 0 0 1 1 0 0 1 0 0 1 1 1 1 1 1 0 1 0 1 1 0 0 1 0 0 0 0 0 1 0 1 1 0 1 1 1 0 0 0 0 1 1 1 0 1 1 1 1 1 0 1 0 1 1 0 1 0 0 0 1 1 0 1 0 0 0 0 0 1 1 0 1 0 0 0 1 0 1 1 1 1 0 0 1 1 0 1 1 1 1 1 0 0 1 0 1 1 1 0 1 1 0 1 1 1 1 1 0 1
1 1 0 0 1 1 0 1 1 0 0 1 1 1 1 1 0 0 1 1 0 0 0 1 0 0 1 1 0 1 1 1 1 1 1 1 0 0 0 1 0 1 1 1 1 0 0 0 1 0 0 1 1 1 1 0 0 0 0 1 0 0 0 0 0 1 1 1 0 1 1 1 1 0 1 1 0 1 1 0 0 0 1 1 0 0 0 0 1 1 0 0 0 1 0 0 0 1 0 1 0 1 1 1 0 1 1 0 1 1 0 0 1 0 0 0 0 0 1 1 1 0 1 0 0 1 0 1 1 0 1 1 1 0 0 1 1 1 1 0 1 1 0 1 0 0 0 0 1 0 0 0 0 1 0 1 0 1 1 0 0 0 1 1 0 0 1 1 1 1 0 0 1 0 1 1 0 0 1 0 0 1 0 1 0 0 1 0 0 1 0 1 0 1 1 0 1 0 1 1 1 1 1 0 0
1 1 1 0 1 1 1 1 1 1 1 1 0 0 0 1 1 0 1 1 1 1 0 1 1 1 0 0 0 0 0 1 1 0 1 0 1 0 0 0 0 1 0 0 0 0 0 0 1 1 0 1 1 1 0 0 1 0 1 0 0 0 0 0 0 1 1 0 0 0 0 1 0 1 1 1 1 1 0 1 0 0 0 1 0 1 1 0 0 1 1 0 0 0 0 0 0 1 1 1 0 0 1 0 0 1 0 1 0 0 0 1 0 0 0 0 0 1 1 0 0 0 1 0 1 1 1 1 1 1 0 1 1 1 1 1 1 0 0 1 1 0 1 0 1 1 1 0 0 1 0 0 1 0 0 1 1 0 0 1 1 1 1 0 0 1 1 1 0 1 0 0 1 1 0 1 1 1 0 1 1 1 0 1 0 1 1 0 0 1 1 0 0 0 1 0 0 1 1 0 1 0 0 1 1
0 0 0 0 0 1 0 1 1 1 0 0 0 1 0 1 1 0 1 0 1 1 0 0 0 1 1 1 0 0 0 1 0 1 0 0 0 1 1 1 0 0 1 0 1 1 1 1 0 1 1 0 1 1 0 1 1 0 1 0 1 1 0 0 1 0 1 0 0 1 1 0 0 1 1 1 0 0 1 0 1 1 1 1 1 0 0 1 0 1 0 0 1 1 0 1 0 1 0 0 1 0 0 0 0 1 0 1 0 0 0 0 1 0 1 0 1 1 1 0 1 0 0 1 1 1 0 1 1 0 0 0 0 0 0 0 1 1 1 1 0 0 0 1 0 0 1 0 0 0 0 1 0 1 1 1 0 0 0 0 0 1 1 0 0 0 0 1 1 1 1 0 0 0 1 1 1 1 1 1 0 0 1 1 0 1 0 0 1 0 0 0 1 1 0 0 1 0 0 1 1 1 0 0 0
0 0 1 0 1 0 0 0 1 0 1 1 0 0 0 1 1 1 1 0 1 0 1 1 0 0 0 0 0 0 1 1 0 1 1 0 0 0 1 0 0 0 0 1 1 0 0 0 1 0 0 0 0 0 1 0 0 1 1 1 0 0 1 1 0 0 1 0 1 1 0 1 0 0 0 0 0 0 1 0 1 0 1 0 1 0 0 0 0 0 1 0 1 0 0 0 1 0 0 1 0 1 1 0 0 0 1 0 1 0 0 0 1 0 0 1 1 0 1 1 1 1 0 1 1 1 1 0 0 1 1 1 0 0 0 0 1 1 1 0 1 0 0 0 1 0 0 0 1 0 0 0 0 1 1 0 1 0 1 1 0 1 1 0 1 1 0 0 0 1 0 0 0 0 1 1 0 0 1 1 1 0 1 0 1 1 1 0 1 1 1 0 0 1 1 1 1 0 1 0 1 1 1 1 0
1 1 0 1 0 0 0 1 0 0 1 0 1 1 0 1 0 1 1 0 0 1 1 0 1 1 0 1 0 0 1 1 0 0 1 0 0 0 1 0 1 1 0 1 1 1 1 1 1 1 0 0 1 1 0 1 1 0 0 1 1 0 0 1 0 0 1 1 0 0 0 1 1 0 1 0 0 0 1 1 1 1 0 1 1 1 0 1 0 0 1 1 0 0 0 0 0 1 1 1 1 1 1 0 0 1 1 1 0 1 1 1 0 0 1 0 0 0 1 0 0 0 1 0 1 1 0 1 1 1 1 1 0 1 0 1 0 1 1 1 0 1 1 1 1 1 0 1 0 1 0 1 1 0 0 1 1 1 1 0 1 0 1 0 1 1 1 0 0 1 0 0 1 1 0 0 1 1 0 1 1 0 0 1 1 0 1 1 1 1 0 1 0 1 1 1 0 0 1 1 1 1 1 0 1
1 1 1 0 0 0 0 0 1 1 1 1 0 0 1 0 0 1 1 0 1 1 0 1 0 0 0 1 0 1 0 1 0 1 1 1 1 1 0 0 0 0 1 1 0 1 0 0 0 1 0 0 1 0 0 1 1 0 1 1 1 1 0 0 0 1 0 0 1 1 1 0 1 0 0 1 0 0 0 1 0 1 0 1 1 1 0 1 0 1 0 0 0 1 1 0 0 1 1 1 1 1 1 1 0 0 1 0 1 1 0 0 1 0 0 0 1 1 1 1 1 1 0 0 1 0 1 1 0 0 1 1 1 0 1 0 0 1 1 1 1 0 1 1 1 1 0 1 1 1 1 0 0 0 1 0 1 1 0 1 1 0 0 1 0 0 1 0 0 0 1 0 1 1 1 1 1 0 1 0 0 0 1 1 0 0 1 0 0 1 1 0 0 1 1 0 1 1 0 0 0 1 0 1 0
0 0 1 1 1 1 1 0 0 1 1 0 0 0 1 1 0 0 1 1 1 0 0 0 1 0 1 1 0 1 0 1 1 1 0 1 1 0 0 0 0 0 0 0 0 1 1 0 0 1 1 1 0 0 1 1 1 0 1 0 0 0 0 1 1 0 1 1 0 1 0 0 1 0 1 1 0 1 0 0 0 1 0 0 0 1 0 1 0 0 0 0 0 0 0 0 0 0 1 1 0 0 1 1 1 1 1 1 1 1 0 0 0 1 1 0 0 0 1 0 1 1 1 1 1 1 0 1 0 1 1 0 1 0 0 0 1 1 0 1 0 0 1 0 1 0 0 0 0 1 0 0 0 1 0 1 1 0 0 1 0 0 1 1 1 1 1 0 1 1 1 1 0 0 0 0 0 1 0 1 1 0 0 0 1 1 0 1 0 1 0 0 1 1 1 0 1 1 1 1 1 1 0 1 1
0 1 0 1 1 0 1 0 0 0 0 1 0 0 1 1 0 1 0 0 1 1 0 0 1 1 1 0 1 1 1 0 0 0 0 1 0 1 1 0 1 1 0 1 0 1 1 0 1 1 1 0 0 0 1 1 0 1 0 0 0 0 1 0 0 0 0 0 1 1 0 1 0 0 0 1 0 1 0 1 1 1 0 0 0 0 1 0 0 0 1 1 0 1 1 0 1 1 1 0 1 0 0 1 1 0 1 1 0 1 1 0 1 0 1 0 0 1 1 1 0 1 1 1 0 1 0 1 0 0 0 1 0 1 0 0 0 0 0 0 1 0 0 1 0 0 1 0 1 0 0 1 1 1 1 1 1 1 0 0 1 1 0 0 0 0 1 0 0 0 1 1 1 1 1 0 0 1 1 0 0 0 1 1 0 1 1 1 0 0 0 1 0 0 0 0 1 1 1 0 0 0 1 1 0
0 0 0 1 1 0 0 0 0 1 1 0 1 0 0 1 1 1 1 0 1 1 0 0 0 1 0 1 0 1 1 1 0 0 1 0 0 1 0 0 1 0 0 1 0 0 1 0 1 1 1 0 0 1 0 0 1 1 0 1 0 0 0 0 0 1 0 0 0 0 1 1 1 1 0 1 0 1 0 0 0 1 1 0 1 0 1 0 1 1 1 0 0 1 0 1 1 1 0 1 1 1 0 0 0 1 1 0 1 0 0 1 0 1 0 0 0 0 0 1 1 1 1 0 1 0 0 0 0 0 1 1 1 1 0 0 1 1 1 0 1 1 0 1 0 0 0 0 1 0 0 0 1 1 0 0 0 1 0 1 0 1 0 0 0 1 0 1 0 1 1 1 1 1 0 0 1 1 1 1 1 0 0 1 1 1 0 1 1 1 1 0 0 1 0 1 0 1 1 1 1 1 1 1 1
0 0 0 1 0 1 1 0 1 0 1 1 0 0 1 1 0 1 1 1 0 1 0 1 0 1 0 1 1 1 0 1 0 0 1 0 0 1 0 0 0 1 0 1 0 1 0 0 1 0 1 0 1 0 1 0 1 0 0 0 0 0 0 0 0 0 0 1 1 0 1 1 1 0 0 0 1 0 0 0 1 0 1 1 1 0 0 1 1 0 0 1 0 0 1 0 1 1 0 1 1 0 1 0 0 1 0 1 1 0 1 1 1 1 0 1 0 1 0 1 1 1 1 1 1 0 1 1 0 0 1 1 1 1 0 1 0 0 0 0 1 1 1 0 0 0 0 1 0 1 0 1 1 1 0 1 1 1 0 1 0 0 1 0 0 1 1 0 0 0 1 1 1 1 0 0 1 0 1 1 0 1 1 1 1 0 1 0 1 1 1 1 1 0 0 0 0 1 0 1 1 0 0 0 0
0 0 0 0 0 0 0 1 0 1 0 1 1 1 0 0 0 0 0 1 0 1 0 1 0 0 1 1 0 0 1 0 1 1 0 1 1 0 0 1 0 1 1 1 1 1 1 1 0 0 0 0 0 1 1 1 0 0 1 0 1 1 0 0 0 1 0 1 1 1 0 0 0 0 1 0 1 0 0 0 1 0 0 1 1 0 0 1 1 0 1 0 0 0 0 1 1 0 1 0 0 0 0 0 0 1 0 1 1 0 1 1 0 1 0 1 0 0 0 1 1 1 0 0 0 0 1 1 1 1 1 0 0 1 0 0 0 1 1 1 1 0 0 1 0 0 1 1 0 1 1 0 1 0 0 1 1 1 0 1 0 0 1 0 0 1 0 0 0 0 0 1 1 0 1 1 1 1 0 0 1 1 1 0 1 1 0 1 1 1 1 1 0 0 1 1 0 0 0 1 1 1 0 0 1
1 0 0 1 1 1 1 1 1 0 0 0 0 0 0 0 0 1 1 0 0 0 0 0 1 0 1 1 1 0 1 1 1 0 0 1 0 0 1 0 0 0 1 0 0 0 1 0 1 0 1 1 1 1 0 1 1 1 0 0 0 1 1 1 1 1 1 0 1 0 1 1 0 1 0 1 1 1 1 1 1 1 0 1 1 0 1 0 1 1 0 0 1 0 1 0 1 0 1 1 0 0 1 1 1 0 0 0 1 0 0 0 1 1 0 1 0 1 0 0 1 0 1 0 1 1 1 0 0 0 1 0 1 0 0 1 0 0 0 0 1 1 0 1 0 0 0 1 1 1 1 0 0 1 1 1 0 1 0 0 1 1 1 1 0 0 1 1 1 1 1 0 0 1 0 1 0 1 1 1 0 1 0 1 1 0 1 0 0 1 1 1 1 1 0 1 1 0 0 1 0 1 0 0 1
1 1 1 1 1 1 0 0 0 1 1 0 1 1 1 0 0 1 0 0 0 1 0 1 1 0 0 0 0 0 1 1 0 1 1 1 1 0 0 0 0 1 1 0 0 0 1 1 1 1 0 0 1 0 0 1 0 1 1 1 0 0 1 1 0 0 0 0 0 0 0 1 0 1 1 1 1 1 0 0 1 1 0 1 0 0 0 0 0 0 0 1 0 0 0 0 0 1 1 1 1 0 1 0 0 1 0 1 0 0 0 0 1 1 0 1 1 1 0 1 0 0 1 1 1 1 0 0 0 1 0 0 0 1 0 1 1 0 1 0 1 0 1 1 0 0 1 1 0 1 1 1 1 0 1 1 0 1 0 1 0 1 1 1 0 0 1 1 0 0 0 1 0 0 0 0 0 0 0 0 0 0 1 1 0 0 1 1 1 1 1 0 1 1 1 0 1 0 1 1 0 0 1 1 1
0 0 0 1 1 0 0 0 0 1 0 1 1 0 0 1 1 0 0 0 1 0 1 0 1 0 0 1 1 1 1 0 1 0 0 1 1 1 0 1 1 1 1 0 0 1 0 1 0 1 0 0 0 1 1 0 0 1 1 0 0 1 0 0 1 0 0 1 0 0 0 1 1 0 1 0 1 0 1 1 0 1 0 0 0 0 1 0 1 1 1 0 1 1 0 0 0 1 0 0 0 0 1 0 1 1 1 1 0 0 1 1 1 0 0 0 0 1 0 1 0 0 0 0 1 0 0 0 0 0 0 1 1 1 0 1 1 0 0 1 0 0 0 1 1 0 0 0 1 0 0 1 0 1 0 0 0 1 0 1 1 1 0 0 0 1 1 1 0 1 0 0 1 0 1 1 1 1 1 0 0 1 1 1 0 1 1 0 1 0 1 0 0 0 0 0 1 0 0 0 1 1 1 0 0
0 0 1 1 1 0 1 1 0 0 1 1 1 1 0 1 0 1 1 1 1 0 0 1 0 1 1 1 1 0 1 1 0 1 0 1 1 0 1 0 1 0 0 1 1 1 1 0 1 0 1 1 0 0 0 1 1 0 1 1 1 0 1 0 1 1 1 1 0 1 1 1 0 0 1 1 1 0 0 1 0 1 1 1 0 0 1 1 1 1 1 0 0 0 1 1 1 1 1 1 1 1 0 1 1 1 0 0 1 0 1 0 0 1 1 1 1 0 0 1 0 1 1 0 0 0 0 0 1 0 0 0 1 0 1 0 1 0 0 1 1 1 0 0 1 1 1 1 1 1 1 0 0 0 0 1 1 0 1 0 0 0 1 1 0 1 0 1 1 0 1 1 1 0 0 0 1 0 0 1 0 0 1 0 1 1 0 0 0 0 1 1 1 0 1 1 0 0 1 1 0 1 0 1 1
1 1 0 0 1 0 1 1 1 0 0 1 0 1 1 0 0 0 1 1 0 0 1 1 0 1 0 1 1 1 1 1 0 1 1 0 1 1 0 1 1 0 1 1 1 0 0 1 1 0 0 0 1 0 0 0 1 0 1 0 0 0 1 0 1 1 1 0 0 0 0 1 0 1 1 0 1 0 1 1 1 0 1 0 0 0 1 1 0 1 0 0 0 1 0 1 0 0 1 0 0 0 0 1 0 0 1 1 1 1 0 1 1 0 0 0 0 1 0 0 1 1 0 0 1 1 0 1 0 0 0 1 1 1 1 0 0 0 0 1 0 1 0 1 1 1 0 1 0 1 0 1 1 1 1 1 1 0 0 1 1 0 1 1 1 0 0 0 1 1 1 0 1 1 0 1 0 0 1 0 0 1 0 1 0 1 1 0 1 0 0 1 1 0 0 1 1 1 0 0 1 1 0 1 0
0 1 0 1 0 0 1 0 1 1 1 0 0 1 0 1 1 1 0 1 0 0 1 0 1 0 1 0 0 1 1 0 0 1 1 1 1 1 0 1 0 0 1 0 1 0 1 0 0 0 1 1 1 1 0 1 1 0 0 0 0 1 0 1 1 1 1 1 1 0 0 1 1 0 1 1 1 1 1 0 0 0 0 0 1 0 1 0 1 0 0 1 1 1 1 1 1 1 1 0 1 0 0 1 0 0 1 0 0 0 0 0 1 0 1 0 0 0 1 0 1 1 0 0 1 1 1 1 0 0 1 1 0 0 0 0 1 1 1 1 1 1 1 1 1 0 1 1 1 0 0 1 1 0 0 0 0 1 0 1 0 1 0 0 0 1 1 1 0 0 0 1 0 0 1 0 1 1 1 0 0 0 0 0 0 0 1 1 0 1 0 0 0 1 1 0 0 1 0 0 0 1 1 0 1
1 0 1 0 1 0 1 0 1 1 1 1 0 1 1 0 0 1 0 1 0 0 0 1 1 1 0 1 1 1 0 0 0 1 0 1 0 1 1 1 0 1 0 1 1 1 1 0 1 0 0 0 1 1 1 0 0 1 0 1 0 1 1 1 0 1 0 1 1 1 1 0 0 0 1 1 1 1 1 1 0 1 1 0 1 1 0 1 1 0 1 0 1 0 0 0 1 1 0 0 1 1 0 0 0 1 1 1 1 0 0 0 1 1 0 1 0 0 0 1 1 0 0 1 0 0 1 0 0 0 1 1 1 1 1 1 1 1 0 0 0 0 1 0 0 1 0 0 1 1 0 1 1 1 1 0 1 1 0 1 1 0 1 0 1 0 0 0 0 0 0 0 1 1 1 0 0 1 0 0 1 1 1 1 0 0 1 0 1 0 0 0 1 0 0 0 0 0 1 0 0 1 1 1 1
0 1 0 0 0 0 1 1 1 1 1 0 0 1 0 0 1 1 1 0 1 1 0 1 1 0 1 1 1 0 0 0 1 0 0 1 0 1 1 0 0 0 0 0 0 0 1 1 0 1 1 1 0 1 0 0 0 1 1 0 0 0 1 1 0 0 0 1 0 0 0 0 1 0 0 0 1 0 1 0 0 1 1 0 0 0 0 0 0 1 1 1 0 1 1 1 0 1 1 0 1 0 1 1 0 1 1 1 1 1 1 0 0 0 0 0 0 1 0 1 0 1 1 0 0 0 0 0 1 0 0 1 1 1 0 1 0 1 1 1 1 1 1 0 1 0 1 0 1 1 1 1 1 0 0 0 1 0 1 0 1 0 1 1 1 1 0 0 1 0 1 0 1 0 0 0 1 0 1 0 0 0 0 1 0 1 0 0 1 0 0 0 1 1 1 0 1 1 0 1 0 1 1 1 0
0 1 0 0 0 1 1 0 0 1 0 1 0 0 1 0 1 0 0 0 1 0 0 0 1 0 0 0 1 1 0 0 0 1 1 0 0 1 0 0 1 1 0 0 1 0 1 1 0 1 1 1 0 0 0 0 0 1 1 0 0 0 1 1 1 1 0 1 1 0 0 1 1 0 1 1 1 0 0 0 1 0 0 1 1 1 1 0 1 0 0 1 1 0 1 0 1 0 1 0 0 1 0 1 0 1 0 0 1 0 1 0 1 1 1 0 1 1 1 1 0 1 1 0 0 0 0 0 1 0 1 1 1 1 0 0 0 0 0 0 0 1 0 0 1 1 1 0 1 0 0 0 0 0 1 0 0 0 1 1 1 0 1 0 1 0 1 0 1 1 0 1 0 0 1 0 1 1 1 0 1 0 0 0 0 1 0 0 0 0 0 0 0 0 0 0 1 0 1 0 0 1 1 0 0
1 1 1 0 1 0 1 0 0 1 1 1 0 1 1 1 1 1 0 1 0 1 1 0 1 1 1 0 0 0 1 1 0 0 0 1 1 0 1 0 1 1 1 1 0 0 0 0 0 1 0 0 0 1 0 1 1 1 0 0 0 0 0 1 1 1 0 0 0 1 0 1 0 1 0 0 1 1 0 1 0 0 1 1 0 1 1 1 1 0 0 0 0 1 1 0 1 1 1 0 1 0 0 1 1 0 0 1 0 0 1 0 1 1 1 0 0 0 1 1 0 1 0 0 1 1 1 0 1 1 1 1 0 1 0 1 0 0 0 0 0 0 0 0 0 0 1 1 1 0 0 0 1 1 1 0 1 1 0 1 0 1 0 0 0 0 1 0 1 1 1 1 0 1 1 0 0 1 1 0 0 1 0 1 0 0 0 1 0 0 1 1 0 1 0 0 1 1 0 0 0 0 1 1 0
0 0 0 1 0 0 1 1 0 0 0 1 0 0 1 0 0 1 0 0 0 1 0 0 0 0 1 1 0 1 0 0 0 1 1 1 0 0 1 1 0 1 1 0 0 0 0 0 0 1 0 1 1 0 0 1 1 0 0 1 1 0 0 1 1 0 0 0 0 0 1 0 1 1 0 1 0 1 0 1 0 0 0 0 1 0 0 1 0 0 1 1 0 1 1 1 1 1 1 1 0 1 1 0 0 0 0 0 1 0 0 0 1 1 1 0 1 1 0 0 1 0 0 0 1 1 0 0 1 1 1 0 1 0 0 0 1 1 0 1 0 0 1 1 0 1 0 0 0 0 1 0 1 1 1 0 0 1 1 0 0 1 0 1 0 0 1 0 1 1 1 1 0 0 0 1 0 1 1 1 1 1 1 0 1 0 1 1 0 1 1 1 1 1 0 0 0 0 1 1 0 0 0 1 1
1 1 1 1 1 1 0 1 0 1 1 1 1 1 1 0 0 1 0 0 0 0 1 1 0 0 0 1 0 1 0 1 1 1 1 1 1 1 0 1 1 0 1 0 1 1 1 1 0 1 1 0 1 1 1 0 1 1 0 0 1 1 0 1 1 0 0 0 1 1 1 1 0 1 0 0 1 0 1 1 1 1 0 1 0 0 1 0 0 0 1 0 1 1 0 1 1 0 0 1 0 1 0 1 1 0 0 0 1 0 1 1 0 0 0 1 0 1 1 0 1 1 0 0 1 1 0 1 1 0 0 0 1 0 0 0 0 0 0 1 0 1 1 1 1 1 0 1 1 1 0 0 1 0 1 1 0 1 1 0 0 0 0 0 0 1 0 0 0 0 0 0 1 0 0 1 1 0 1 0 0 1 0 1 1 1 0 0 0 1 0 0 0 1 1 1 0 0 0 0 1 1 1 1 1
1 0 0 0 0 0 0 0 1 0 1 0 0 1 0 0 1 1 1 1 0 0 1 0 1 1 0 0 0 1 0 1 0 0 0 0 1 1 1 0 1 1 1 0 0 0 1 0 1 1 0 0 1 0 0 1 0 0 0 1 0 0 0 0 1 0 1 1 1 1 1 1 0 1 1 1 0 0 0 1 0 0 1 0 1 1 0 1 0 1 0 0 1 0 1 0 1 0 1 1 1 0 1 0 0 0 0 1 1 0 0 1 0 1 1 0 1 0 0 0 1 1 0 0 1 0 0 0 1 1 1 1 1 1 0 1 1 1 0 1 1 1 1 1 0 0 0 0 1 0 0 1 0 0 1 0 0 0 0 0 0 1 0 0 1 0 0 0 1 1 1 1 0 1 0 1 1 0 0 1 0 1 1 1 0 1 1 0 1 1 1 0 0 1 1 0 1 0 0 0 0 1 0 1 1
1 0 0 1 0 0 1 1 1 0 0 1 0 0 0 1 0 1 0 1 1 0 0 0 1 0 1 0 1 1 1 1 1 1 1 0 0 0 0 1 1 1 0 0 0 1 1 1 1 1 0 0 1 1 1 0 1 0 0 1 1 0 1 0 1 1 0 1 0 0 0 0 1 0 1 1 0 0 0 1 1 0 0 1 0 0 0 1 0 0 0 1 0 0 0 1 0 1 1 0 1 1 1 0 1 1 1 1 0 0 1 1 1 1 0 1 1 0 1 0 1 1 1 1 1 1 0 0 1 1 1 1 1 0 1 0 0 1 0 1 1 1 0 0 0 0 0 1 0 1 1 0 1 0 1 1 1 1 1 0 0 0 0 1 0 0 0 1 0 0 0 0 0 1 0 1 1 1 1 0 0 0 0 0 1 0 0 0 0 1 0 1 0 1 0 1 0 1 0 0 1 0 0 0 0
0 1 1 0 1 0 0 0 1 0 1 1 1 1 1 0 0 0 1 0 0 0 1 0 0 1 0 1 0 1 0 0 0 0 1 0 1 1 1 1 0 1 0 1 1 1 0 1 1 0 0 0 1 1 0 1 1 1 1 1 1 1 0 1 0 1 1 1 0 1 0 0 0 1 0 0 0 0 1 0 1 1 0 1 1 0 0 1 0 0 0 1 1 1 1 1 1 1 0 1 0 1 0 1 1 0 1 1 0 1 1 0 1 1 0 1 0 1 0 0 0 1 1 1 0 1 1 0 0 1 0 0 0 0 1 0 1 1 0 1 1 1 0 0 1 1 0 1 0 1 0 1 0 0 1 1 0 0 0 0 0 1 0 0 1 0 1 0 1 1 0 0 1 1 0 0 1 0 1 0 0 1 1 1 1 0 0 0 1 0 1 0 0 0 1 0 0 0 1 1 0 0 1 1 0
1 1 0 0 0 1 0 0 1 1 1 0 1 1 1 0 1 0 0 0 1 1 0 1 1 1 0 0 0 1 0 1 1 1 0 0 0 1 1 0 1 0 0 1 0 0 0 1 1 0 0 1 1 0 0 1 1 1 1 0 0 1 0 0 0 0 0 1 0 1 1 1 1 0 1 0 1 1 1 1 1 1 0 1 1 1 0 0 0 1 1 1 1 0 0 1 0 0 1 0 1 0 1 1 0 0 0 1 0 1 1 0 1 1 1 0 0 0 1 0 1 0 1 0 1 0 0 1 0 0 0 0 1 1 1 1 0 1 1 0 1 0 0 0 0 0 1 1 0 0 1 0 0 0 1 1 0 1 0 0 1 1 1 1 0 0 1 0 0 0 0 1 1 0 0 0 1 0 1 1 0 0 1 0 0 0 1 0 0 0 1 1 0 1 1 1 0 0 1 1 0 0 0 1 1
1 1 0 1 0 0 0 0 1 0 1 0 0 0 1 0 1 0 1 0 0 0 0 0 0 1 0 1 0 0 0 0 0 1 0 0 1 1 1 1 0 0 1 0 0 1 0 1 1 1 1 1 0 0 0 1 1 1 0 1 1 0 1 1 0 0 0 0 1 0 1 0 1 0 0 0 0 1 0 0 1 1 0 0 1 0 0 1 0 1 0 1 0 1 1 1 0 0 1 1 0 1 0 1 1 1 0 0 0 1 1 1 1 0 1 0 1 0 0 1 1 1 0 1 1 0 1 0 1 0 1 0 0 0 1 0 0 0 1 0 0 1 0 1 0 0 0 1 1 0 1 0 1 0 1 0 0 0 0 1 0 0 0 1 1 0 1 0 0 1 1 0 0 0 1 0 1 1 1 0 1 1 1 0 0 1 0 0 0 1 0 0 0 1 1 0 1 0 1 0 1 1 1 0 1
1 1 0 1 0 1 0 1 1 1 1 0 0 0 0 1 1 1 1 0 1 1 0 1 0 0 1 0 1 0 0 0 0 0 0 1 0 1 1 0 0 0 0 0 1 0 1 1 1 0 0 1 0 1 1 1 0 1 1 0 0 1 1 0 1 1 1 1 1 0 1 0 1 1 1 0 1 0 0 1 0 0 1 0 1 0 1 0 0 1 0 1 1 0 0 0 1 1 1 1 1 0 1 1 1 1 0 0 0 1 1 1 1 0 0 1 1 1 0 0 0 1 1 1 0 1 1 0 0 1 0 1 1 0 0 1 1 0 0 0 0 0 0 0 0 0 0 0 0 1 0 0 1 1 0 1 1 1 0 0 1 1 0 1 0 0 0 1 0 1 1 0 0 1 1 1 0 0 0 1 0 1 1 0 0 1 1 0 0 1 1 0 0 1 1 0 1 0 0 1 1 0 1 1 0
1 1 1 1 0 0 0 1 0 0 1 1 1 1 1 1 1 1 0 1 0 1 0 1 0 1 0 1 1 0 0 0 0 0 0 0 0 1 1 0 0 1 1 0 0 0 0 1 1 1 1 0 1 0 1 1 1 1 1 0 0 0 1 1 1 1 1 0 0 0 1 1 1 0 0 0 1 1 1 0 0 1 0 1 1 1 1 0 0 1 0 1 0 1 1 0 1 0 0 1 0 0 1 1 0 0 1 1 0 0 1 0 0 1 0 1 1 1 1 1 1 0 0 0 1 0 0 0 1 1 0 0 1 0 0 0 1 1 0 1 0 0 1 1 1 0 1 0 0 1 1 0 0 1 1 1 0 0 1 1 1 1 1 0 1 1 1 0 0 1 0 0 0 1 1 1 0 1 0 0 0 1 1 1 1 0 1 1 1 0 0 0 0 0 0 0 1 1 1 1 1 0 0 0 0
0 0 0 0 0 1 0 0 0 1 1 1 0 0 0 0 1 0 1 0 1 0 0 1 0 1 0 0 1 1 0 1 1 0 0 1 0 1 0 1 1 1 1 1 1 0 0 1 1 1 0 1 0 0 1 0 0 1 1 1 1 1 1 1 0 1 1 0 1 1 0 1 1 1 0 1 0 1 0 1 1 0 0 0 1 0 1 0 0 1 0 1 1 0 0 0 1 0 1 0 0 0 0 1 0 1 0 1 1 0 0 1 1 1 1 0 0 1 1 1 0 1 1 0 1 0 0 1 1 0 0 0 0 0 0 0 0 1 1 0 1 1 1 0 0 1 0 0 1 0 0 1 0 1 1 1 1 1 1 1 1 1 0 1 0 1 0 0 1 1 0 1 0 1 0 1 0 0 1 0 1 0 0 0 1 1 1 1 1 0 0 1 1 0 1 0 1 0 0 1 0 1 0 0 0
1 1 0 0 1 1 1 1 1 0 1 1 0 1 1 1 0 0 1 0 1 0 1 0 1 0 0 1 0 1 1 1 0 0 1 0 0 1 0 1 1 0 0 0 1 1 0 0 1 1 1 0 1 1 1 0 1 0 1 1 1 1 1 0 1 0 1 1 0 0 0 1 1 0 1 1 0 0 0 0 0 1 0 1 1 1 1 1 0 1 0 1 1 0 1 0 1 1 0 1 0 0 0 1 1 0 1 1 0 1 1 1 0 0 0 0 1 0 1 0 0 0 1 0 1 1 0 0 0 1 0 0 0 0 0 1 0 1 1 0 0 1 0 0 1 1 0 1 1 0 0 1 1 0 0 1 1 1 1 1 0 1 1 0 0 0 0 1 1 1 1 0 1 0 1 0 0 1 1 1 0 1 0 1 0 1 1 0 1 1 1 1 0 0 0 1 1 1 0 0 0 1 1 1 1
0 0 1 0 0 1 1 0 0 1 0 0 1 1 1 1 1 1 1 0 0 0 1 1 0 0 1 0 0 0 0 1 0 1 0 0 0 1 0 1 0 0 1 0 1 1 1 0 0 0 1 1 0 1 1 1 1 0 1 1 0 0 0 1 0 0 1 0 1 1 1 1 1 1 1 0 0 0 1 0 0 0 0 0 1 0 0 1 0 0 1 1 1 1 0 0 1 1 0 1 1 1 1 1 1 0 1 1 0 1 1 1 0 1 1 1 0 1 1 1 1 1 1 0 1 0 0 0 0 0 0 0 1 1 1 0 1 0 0 1 1 0 0 1 0 0 1 1 0 1 0 1 1 0 0 0 1 1 0 0 1 0 1 0 0 0 0 1 0 1 1 1 0 0 1 1 0 0 1 0 1 1 0 1 0 0 1 0 1 1 1 1 1 1 0 1 0 1 0 0 0 1 0 1 0
1 1 1 0 0 1 0 0 0 1 0 0 1 1 1 0 0 0 0 1 0 0 1 0 1 1 1 1 1 0 0 1 0 0 0 1 0 1 0 1 1 1 1 0 1 1 0 0 1 1 1 1 0 1 0 1 1 0 0 1 0 0 1 0 0 1 1 1 1 1 0 1 1 1 1 1 1 1 1 0 1 0 1 1 0 1 0 1 1 0 1 0 0 1 0 0 1 0 0 0 1 1 1 0 1 0 1 0 1 0 1 0 0 0 1 0 1 0 1 0 0 0 0 0 0 0 1 0 1 1 0 1 1 0 0 0 0 1 1 0 1 1 1 1 0 0 0 0 0 0 0 0 0 1 0 0 0 0 1 0 1 0 1 0 0 0 1 1 0 0 1 1 0 1 1 0 0 0 0 0 0 0 1 1 1 0 1 0 0 1 1 1 1 0 0 0 0 0 0 0 0 1 1 0 1
0 1 1 0 1 0 1 0 1 1 0 0 1 0 1 1 0 1 0 1 0 1 1 0 0 0 1 1 0 0 0 0 0 1 1 0 1 0 1 1 0 1 0 1 1 0 0 1 1 0 1 0 1 1 0 1 0 0 0 1 1 1 0 1 1 0 0 1 1 1 1 0 1 0 0 0 0 0 0 0 1 1 0 1 1 0 0 0 0 0 1 1 1 1 1 0 0 0 1 1 1 1 0 0 1 0 0 0 0 0 1 0 0 1 1 0 1 1 1 1 0 0 0 0 0 0 0 1 0 0 0 0 0 1 1 1 1 0 0 1 0 1 1 0 0 1 1 0 0 1 1 0 1 1 0 0 1 0 1 0 1 1 0 0 1 1 0 1 0 1 0 0 1 1 0 1 0 1 1 0 1 0 0 0 0 1 1 1 1 0 0 1 0 0 1 1 1 1 0 1 1 1 1 0 0
1 1 1 0 0 0 0 0 0 0 1 1 0 0 1 1 0 1 1 1 0 0 1 0 1 1 1 1 1 0 0 0 1 0 1 0 1 1 1 0 0 1 1 0 1 1 1 0 1 0 0 0 1 1 1 0 0 0 1 1 1 0 1 1 0 0 0 1 0 1 1 1 1 0 0 0 0 1 0 1 1 0 0 0 0 0 1 0 0 0 0 1 0 0 0 0 0 1 1 0 0 1 1 1 0 1 1 0 0 0 1 1 0 0 0 0 1 0 0 0 0 0 0 1 1 0 0 0 0 1 1 1 0 1 0 0 0 1 0 0 1 1 0 1 0 1 0 0 0 1 0 0 0 0 0 0 1 0 0 1 1 0 0 1 0 1 1 1 0 0 0 0 1 1 1 0 1 0 0 1 0 1 1 0 0 1 1 0 0 1 0 0 0 0 1 1 1 0 1 1 1 0 1 0 0
1 0 1 1 1 1 1 0 1 1 0 0 0 1 0 1 1 0 1 1 1 1 0 0 1 1 1 1 1 1 0 0 0 1 1 1 1 1 0 1 1 1 1 0 1 0 1 0 1 0 0 0 1 0 0 0 1 1 0 0 1 0 0 0 1 1 1 0 0 1 1 1 1 0 0 0 1 0 0 0 0 1 0 0 1 1 0 0 0 1 1 0 0 1 1 1 1 0 1 1 1 0 0 0 0 1 1 0 0 1 0 0 1 1 0 1 0 0 0 0 0 1 1 1 0 1 1 0 1 1 1 1 0 1 0 1 1 0 1 0 1 0 1 1 0 0 0 0 0 0 0 1 0 0 0 1 0 1 0 0 0 1 1 1 0 1 0 0 0 0 0 0 0 0 0 0 0 1 1 0 0 1 0 1 0 1 0 0 0 1 0 0 1 1 1 1 0 0 0 0 0 0 1 1 1
0 0 0 0 0 0 1 1 0 1 0 0 1 1 0 1 0 1 1 0 1 1 1 1 0 1 1 0 0 0 0 0 0 0 0 1 1 0 1 0 0 0 0 1 1 0 1 1 1 0 1 0 0 0 1 1 1 1 0 1 0 1 1 0 0 1 0 0 0 1 0 1 0 1 0 1 0 1 0 1 0 1 1 0 0 0 0 0 0 1 1 1 1 0 0 0 0 1 1 1 1 0 0 0 1 1 0 0 1 0 1 0 1 1 0 1 1 0 0 0 0 1 1 1 1 1 1 0 1 0 1 0 0 1 0 1 1 0 0 1 0 0 0 1 0 0 1 0 0 0 1 1 1 0 1 0 1 0 1 1 0 0 0 1 1 0 1 0 0 1 0 0 1 1 0 1 0 1 1 1 1 0 0 0 1 1 0 0 1 1 0 0 0 0 0 1 0 1 0 0 0 1 0 0 0
0 0 0 1 0 0 0 1 0 1 1 1 1 0 0 1 1 0 1 0 1 0 1 1 0 0 0 0 1 1 1 0 1 0 1 0 1 1 1 1 0 0 0 0 1 0 1 1 0 1 1 1 0 0 0 1 1 1 0 1 0 0 1 0 0 0 1 1 1 1 1 1 0 0 0 0 0 0 0 0 1 1 1 0 0 0 0 0 0 0 0 0 1 1 0 0 0 1 1 1 1 0 1 1 1 0 1 0 0 1 0 1 0 0 1 0 1 0 1 0 0 1 0 1 0 0 1 0 0 1 1 1 1 0 0 0 1 1 0 1 0 1 1 0 1 0 0 0 1 1 0 0 1 1 1 0 1 1 0 0 1 0 0 0 0 0 0 1 0 0 1 0 1 0 0 0 1 0 0 0 1 0 1 0 1 0 1 1 0 1 1 0 1 0 0 1 1 0 1 1 1 0 1 0 1
0 0 1 0 0 0 1 0 0 1 1 1 1 0 1 1 0 0 0 1 0 0 0 1 0 0 1 0 0 0 0 1 0 1 0 1 1 1 1 0 1 1 1 0 1 1 1 1 0 0 0 1 0 0 1 0 0 0 0 1 0 1 1 1 1 0 0 1 1 1 1 0 1 0 1 1 0 0 0 1 0 1 0 1 0 0 0 0 1 1 0 0 1 1 1 1 1 1 1 0 1 0 1 1 0 0 1 1 1 0 0 1 0 0 0 1 1 1 0 0 1 0 1 0 1 1 0 1 0 1 0 1 0 0 1 0 1 0 0 0 0 1 0 1 1 0 1 0 0 0 1 0 0 0 1 0 1 1 1 1 1 1 1 0 1 1 0 0 1 0 0 1 1 1 1 0 1 0 1 0 1 1 0 1 0 0 1 0 0 1 0 1 0 1 1 0 1 0 1 1 0 1 0 0 0
1 1 1 0 1 1 0 1 1 1 0 1 0 1 1 1 1 0 1 1 1 0 1 0 0 0 0 1 1 0 0 0 0 0 0 0 0 0 1 0 0 0 0 1 1 0 1 0 1 1 1 0 0 0 0 1 1 1 0 1 1 1 1 0 1 0 1 0 0 0 0 0 1 0 0 1 0 0 1 0 1 0 0 0 0 0 0 1 1 1 1 0 1 1 1 1 0 1 1 0 0 0 0 0 1 0 0 0 1 0 0 1 1 1 0 0 1 1 1 1 0 0 0 0 0 0 0 1 0 0 1 0 0 1 0 0 1 1 0 0 0 0 1 1 1 1 0 1 0 0 1 1 1 1 1 1 1 0 0 0 0 1 0 0 1 0 0 0 1 0 1 1 0 1 0 1 1 1 0 1 1 1 0 0 0 1 1 1 1 0 1 0 0 0 0 0 0 0 1 0 1 0 0 0 0
1 0 0 0 0 1 1 1 1 1 1 0 1 1 1 0 0 1 0 0 0 0 0 0 0 0 0 0 0 0 1 0 1 1 1 0 1 1 1 1 1 0 0 1 1 1 0 0 1 1 1 0 1 1 0 1 0 0 1 1 1 1 0 1 1 1 0 1 1 0 1 1 0 1 0 1 1 1 1 1 1 1 0 0 0 0 1 0 0 1 0 1 0 0 0 0 1 0 1 0 0 0 1 1 0 1 0 1 1 0 0 1 1 1 0 0 0 0 1 0 0 1 0 1 0 0 1 0 1 0 1 1 1 0 0 1 1 1 1 0 1 0 0 0 1 0 1 0 1 1 0 1 1 1 0 1 0 0 0 1 1 0 0 0 1 1 0 0 0 1 0 1 1 0 0 1 0 0 0 0 0 1 1 0 1 0 1 1 1 1 0 0 0 1 1 0 0 0 0 1 1 1 0 0 0
0 1 1 0 1 0 1 0 1 1 0 1 1 0 0 1 1 0 0 0 1 0 0 1 1 1 0 1 1 1 0 1 1 1 0 1 0 1 1 0 0 0 1 0 0 1 1 1 0 0 1 0 1 1 0 1 1 1 0 1 0 1 0 0 0 1 0 0 0 1 1 1 1 0 1 0 1 0 1 0 1 1 0 0 1 1 1 0 0 0 1 1 1 1 0 1 1 0 0 0 0 0 1 1 0 1 1 0 1 0 0 1 0 1 1 0 1 1 1 1 0 0 0 0 1 1 0 1 0 1 0 0 0 1 1 0 0 1 0 1 1 1 1 0 1 1 1 1 0 1 0 1 0 0 0 1 0 1 0 1 1 0 1 0 0 1 1 1 0 1 1 1 0 0 0 0 0 0 1 1 1 1 0 0 1 1 0 1 0 1 0 0 1 1 1 1 1 0 1 1 1 1 0 1 1
1 0 1 1 0 1 1 0 0 1 1 1 0 0 1 0 0 0 0 1 0 1 0 0 0 0 0 0 0 1 1 0 0 1 0 1 1 0 0 1 0 0 0 1 1 1 1 1 0 1 0 1 0 0 0 1 1 1 0 0 1 0 0 1 1 0 0 0 0 1 1 0 0 1 0 1 0 1 0 0 1 0 0 0 1 0 0 1 0 0 1 0 1 1 0 0 0 1 1 0 1 1 0 1 1 0 1 0 0 1 1 0 1 0 0 1 0 1 0 0 0 0 0 0 1 0 0 1 1 1 1 1 1 1 0 0 0 0 0 0 0 1 0 1 0 1 0 0 1 1 0 1 0 0 1 1 0 0 0 1 0 0 1 0 1 1 0 0 0 0 1 0 1 1 0 0 1 1 0 0 0 0 1 1 0 0 0 0 1 1 1 1 1 1 0 0 0 1 0 1 1 0 0 0 1
991
33 24
154 54
197 85
15 157
90 134
97 118
135 8
32 65
81 94
179 157
123 60
154 185
200 1
121 146
185 88
96 2
37 2
9 193
184 157
109 133
191 41
82 17
38 182
33 79
184 54
165 75
94 180
75 65
131 167
74 6
132 195
93 151
7 30
57 122
94 61
106 179
64 57
128 88
102 166
149 197
145 14
141 47
105 163
136 197
191 69
135 39
116 101
12 131
38 202
141 198
113 108
124 44
177 103
133 76
101 33
55 187
65 116
37 85
88 145
69 134
96 112
145 120
100 61
115 6
57 194
56 39
156 35
44 61
152 177
16 6
20 139
10 47
68 139
31 186
152 6
1 29
2 100
131 118
42 37
146 14
44 175
142 92
60 153
96 56
187 40
116 197
69 8
78 3
10 142
44 157
63 65
170 62
112 21
71 107
58 99
6 105
176 87
12 89
34 53
185 106
115 108
25 94
168 94
3 195
114 140
196 43
190 191
129 51
184 54
140 31
28 174
94 110
195 37
174 90
81 98
63 71
18 153
130 170
78 111
98 19
28 3
152 62
119 189
108 4
168 158
81 139
17 57
142 28
179 121
116 25
191 102
161 107
151 57
114 51
87 66
94 39
25 62
172 53
185 130
53 92
157 155
13 115
177 191
142 193
39 155
23 71
38 48
23 53
19 125
183 89
21 3
8 19
69 182
12 178
5 64
132 99
32 139
31 7
35 194
170 54
184 36
33 203
134 195
75 64
75 101
69 175
119 40
122 26
46 57
155 158
193 202
152 74
124 147
71 17
87 120
120 150
142 8
148 99
98 167
162 87
190 101
110 170
136 165
193 54
127 100
151 197
1 203
98 140
123 42
3 95
200 19
187 26
16 145
167 156
103 154
10 19
139 28
82 26
175 40
166 17
168 133
73 62
83 121
107 171
96 198
178 149
179 118
120 89
142 68
195 154
200 132
119 49
149 143
33 107
151 140
161 93
32 81
31 53
13 84
2 137
107 47
31 103
45 145
71 76
120 104
145 181
67 132
63 182
120 187
80 175
62 5
169 45
92 91
77 144
4 149
98 127
135 12
29 165
187 55
40 179
154 81
79 79
37 19
157 81
108 153
197 153
57 144
19 141
176 20
191 53
101 93
66 165
23 59
167 129
30 57
80 49
190 61
159 149
35 157
119 178
45 93
110 201
92 120
48 185
7 32
112 46
126 135
41 54
132 78
2 71
148 3
38 20
9 10
87 18
28 37
109 175
147 87
74 189
116 133
70 193
185 2
182 98
38 55
178 72
187 85
153 201
5 74
169 8
10 24
65 156
33 204
64 11
14 191
194 68
69 179
149 172
26 67
33 139
11 146
156 78
125 26
165 138
118 182
194 179
65 146
128 67
81 143
157 86
31 132
115 29
131 144
181 124
68 21
95 57
60 112
12 31
149 205
134 70
1 27
19 186
61 37
163 202
134 172
199 121
127 138
109 47
198 130
61 147
54 18
191 104
134 75
47 76
65 129
126 191
187 105
118 186
63 46
143 59
55 189
39 48
165 200
87 175
53 138
95 36
93 71
79 99
55 4
168 185
188 197
165 162
182 4
24 70
93 92
98 130
4 130
137 167
49 95
193 178
152 87
129 146
88 90
66 185
79 177
185 29
32 133
84 4
29 102
102 149
187 78
131 21
155 122
91 188
83 142
132 114
122 12
118 191
79 89
119 145
144 27
87 16
43 108
90 156
64 178
180 92
6 104
114 198
97 151
41 176
171 43
28 162
152 18
180 77
121 76
149 53
139 62
108 99
33 197
150 7
72 178
4 64
14 31
152 17
111 21
166 74
163 190
54 145
34 73
162 105
1 43
94 126
135 189
31 114
145 144
67 75
24 20
131 49
95 157
160 80
132 12
66 51
122 35
133 11
3 111
49 121
91 25
21 85
193 13
116 36
83 159
4 157
32 195
142 54
77 85
71 172
136 176
88 24
73 71
101 47
130 56
157 117
19 22
158 171
2 64
48 153
199 55
181 104
34 7
120 60
29 169
97 195
143 24
144 116
127 89
173 104
185 62
21 200
119 173
25 46
107 28
129 66
14 31
26 188
83 137
48 74
79 171
50 25
185 166
9 1
54 150
111 41
156 187
157 144
4 152
38 103
128 68
112 85
136 169
102 126
15 37
134 137
134 169
153 150
123 134
53 43
162 133
38 150
9 4
25 189
71 173
184 149
33 96
116 39
92 133
29 197
171 146
60 154
128 173
192 181
144 167
123 28
125 39
156 21
164 7
31 180
173 133
97 162
4 114
8 196
155 93
77 16
65 164
41 54
37 105
14 34
52 84
16 89
174 205
65 165
189 67
13 161
120 133
19 28
124 108
89 100
200 5
109 175
174 126
53 165
30 77
104 3
193 108
98 45
30 180
33 24
176 177
181 160
189 190
164 55
47 97
40 187
163 10
4 42
197 96
68 189
78 190
168 83
112 116
154 51
1 53
107 63
73 81
85 87
65 15
22 140
123 15
101 184
196 10
91 25
56 154
20 75
139 92
54 47
136 191
95 162
184 77
139 204
188 170
35 99
171 23
6 102
85 170
130 80
147 153
61 96
22 60
115 204
100 48
122 97
82 142
144 33
105 91
26 28
51 32
104 120
150 73
94 76
175 39
124 43
39 184
117 27
102 157
65 185
49 12
98 61
24 194
43 188
14 121
187 131
129 136
188 194
184 199
74 140
62 47
172 62
93 107
2 165
59 188
106 133
197 75
18 97
59 93
11 170
16 91
135 165
167 79
114 70
102 175
167 175
126 37
29 157
127 201
114 157
24 109
18 33
130 11
63 23
104 91
119 87
153 25
136 197
145 119
100 79
114 106
51 35
166 97
194 162
77 102
75 96
140 11
30 156
128 85
119 93
118 21
111 45
127 33
150 155
9 176
22 68
199 179
164 181
115 205
124 170
168 60
2 141
19 98
12 68
160 77
185 190
74 160
79 177
192 171
167 97
151 112
99 131
185 8
145 71
161 133
161 189
10 1
23 159
177 7
105 151
163 48
70 57
55 61
10 98
70 58
25 78
85 96
137 18
36 76
160 71
148 11
106 101
129 111
182 159
68 11
61 35
162 110
147 144
32 46
167 102
135 67
54 186
94 53
79 87
58 21
73 95
120 193
33 183
120 197
90 148
119 101
7 192
41 205
144 97
18 15
197 42
167 106
71 71
26 46
55 45
169 193
160 47
61 21
49 116
23 65
188 21
105 172
152 188
75 44
69 57
172 73
153 158
174 198
114 90
98 40
67 70
158 90
69 22
154 192
101 155
103 106
84 52
52 82
37 150
95 91
119 174
149 48
39 1
119 4
40 115
116 172
178 176
56 205
68 39
78 145
81 119
3 109
136 52
126 128
171 178
19 2
37 142
54 66
86 15
50 63
88 53
126 110
135 98
151 78
196 70
61 99
54 88
126 48
5 53
109 60
124 92
174 117
36 142
47 158
49 187
156 67
137 194
109 101
90 85
49 126
13 74
102 52
29 196
144 37
138 143
140 50
32 108
56 17
193 113
139 194
147 81
193 66
14 98
172 44
186 44
100 100
47 114
14 6
96 110
149 120
155 197
18 126
187 91
60 202
148 42
101 15
108 193
22 167
142 154
113 100
133 200
198 138
53 129
114 152
13 27
42 51
36 18
69 134
26 72
112 82
161 20
167 131
152 62
68 65
107 87
129 42
16 46
29 10
127 82
41 195
5 78
77 187
105 41
183 135
41 25
29 177
166 28
85 195
7 174
156 153
140 51
166 178
32 105
179 5
47 143
107 98
35 42
23 152
23 13
168 2
17 114
7 42
165 1
119 145
23 32
7 135
65 165
165 89
130 44
168 39
143 77
184 191
165 2
175 58
11 46
157 18
131 62
133 4
62 101
37 154
83 11
186 156
142 26
139 12
113 52
53 52
138 20
89 141
95 102
30 193
145 189
111 180
118 137
50 30
162 61
81 137
138 69
65 109
43 54
118 144
134 159
87 56
162 139
138 134
36 167
95 96
89 111
21 125
27 43
39 122
43 175
139 98
189 97
143 162
132 57
77 130
187 49
123 92
89 198
197 102
142 107
197 144
195 90
138 91
109 162
108 142
127 57
155 172
101 34
84 159
110 186
63 72
107 115
23 78
40 57
185 70
111 147
3 90
162 110
139 86
106 3
147 104
39 92
64 189
167 137
29 35
85 205
70 99
150 154
181 103
119 135
17 164
158 26
155 15
135 136
58 48
177 64
189 15
71 116
46 1
121 78
45 160
67 89
59 21
131 51
182 66
115 17
36 59
135 120
188 120
52 90
105 150
79 20
172 141
17 56
43 172
82 94
172 38
115 76
177 148
140 7
64 90
70 125
142 9
88 197
12 52
98 70
184 154
121 1
145 131
72 85
85 116
129 135
190 84
75 164
60 165
88 152
4 22
180 188
194 169
84 57
90 179
27 202
199 29
