193 1
2
2
0
1
0
2
1
0
0
1
1
1
1
0
2
0
2
2
0
2
1
2
0
0
0
2
0
2
1
2
1
0
1
0
2
1
2
2
0
0
0
1
0
1
1
1
0
1
0
0
2
2
0
2
1
0
0
2
2
1
2
1
1
1
0
1
0
1
2
1
1
0
1
1
0
0
1
2
1
2
0
2
1
0
2
1
2
1
2
2
0
2
2
0
0
0
0
1
1
2
2
0
1
0
1
0
1
0
1
1
1
2
0
2
1
1
2
1
2
1
2
0
0
1
2
1
2
2
0
0
2
0
0
1
2
2
0
1
1
1
1
2
0
1
1
1
0
1
0
0
0
0
2
2
1
2
2
2
0
0
1
0
2
0
1
0
2
1
1
1
0
2
0
2
0
2
2
2
0
2
0
1
1
1
1
1
0
2
0
2
0
2
1
464
140 1
115 1
45 1
19 1
32 1
137 1
57 1
163 1
139 1
187 1
107 1
150 1
130 1
168 1
10 1
157 1
41 1
87 1
35 1
27 1
82 1
67 1
88 1
148 1
110 1
106 1
69 1
122 1
170 1
142 1
23 1
185 1
60 1
164 1
98 1
119 1
142 1
75 1
45 1
180 1
110 1
83 1
14 1
20 1
159 1
169 1
87 1
33 1
183 1
103 1
137 1
133 1
185 1
183 1
80 1
61 1
73 1
29 1
123 1
34 1
28 1
168 1
112 1
9 1
56 1
29 1
31 1
76 1
170 1
68 1
152 1
80 1
131 1
138 1
74 1
192 1
174 1
113 1
35 1
71 1
160 1
136 1
99 1
174 1
3 1
70 1
100 1
98 1
165 1
53 1
172 1
110 1
99 1
115 1
11 1
37 1
43 1
112 1
50 1
120 1
53 1
12 1
7 1
2 1
154 1
138 1
178 1
78 1
18 1
182 1
170 1
192 1
13 1
53 1
76 1
108 1
143 1
182 1
176 1
104 1
183 1
173 1
193 1
9 1
23 1
131 1
141 1
74 1
12 1
43 1
65 1
150 1
5 1
144 1
119 1
178 1
171 1
53 1
143 1
143 1
127 1
104 1
67 1
179 1
23 1
14 1
56 1
156 1
173 1
12 1
171 1
90 1
158 1
193 1
52 1
67 1
14 1
51 1
97 1
86 1
127 1
191 1
105 1
178 1
167 1
127 1
6 1
22 1
61 1
53 1
61 1
164 1
27 1
183 1
172 1
89 1
84 1
10 1
72 1
61 1
62 1
60 1
115 1
182 1
59 1
124 1
85 1
120 1
138 1
128 1
27 1
158 1
55 1
2 1
66 1
3 1
7 1
133 1
81 1
65 1
144 1
38 1
76 1
172 1
45 1
5 1
125 1
103 1
111 1
174 1
47 1
156 1
153 1
56 1
189 1
122 1
90 1
137 1
63 1
131 1
186 1
99 1
19 1
24 1
105 1
141 1
18 1
112 1
17 1
18 1
105 1
150 1
114 1
45 1
147 1
32 1
90 1
8 1
156 1
192 1
166 1
42 1
15 1
115 1
7 1
36 1
44 1
95 1
28 1
109 1
157 1
179 1
44 1
186 1
151 1
135 1
123 1
178 1
59 1
96 1
44 1
31 1
29 1
14 1
122 1
138 1
99 1
114 1
159 1
76 1
62 1
43 1
119 1
113 1
11 1
165 1
11 1
129 1
6 1
167 1
8 1
146 1
124 1
63 1
48 1
10 1
87 1
102 1
106 1
116 1
121 1
107 1
158 1
135 1
126 1
142 1
136 1
38 1
108 1
74 1
140 1
95 1
39 1
84 1
133 1
172 1
69 1
3 1
59 1
123 1
94 1
78 1
24 1
47 1
183 1
93 1
14 1
54 1
98 1
61 1
50 1
134 1
63 1
84 1
70 1
40 1
51 1
167 1
138 1
124 1
86 1
98 1
109 1
146 1
76 1
181 1
111 1
109 1
178 1
144 1
57 1
139 1
10 1
74 1
28 1
178 1
122 1
154 1
72 1
86 1
171 1
192 1
22 1
157 1
65 1
48 1
58 1
46 1
19 1
6 1
70 1
72 1
93 1
159 1
148 1
101 1
26 1
14 1
130 1
47 1
187 1
104 1
189 1
97 1
103 1
64 1
87 1
21 1
25 1
12 1
26 1
122 1
182 1
94 1
179 1
144 1
27 1
178 1
118 1
179 1
44 1
71 1
177 1
34 1
52 1
188 1
128 1
75 1
21 1
130 1
64 1
62 1
76 1
160 1
112 1
157 1
33 1
50 1
133 1
143 1
163 1
21 1
112 1
88 1
20 1
191 1
135 1
178 1
59 1
100 1
20 1
149 1
124 1
131 1
176 1
65 1
9 1
148 1
44 1
83 1
60 1
68 1
32 1
80 1
90 1
182 1
37 1
76 1
116 1
148 1
164 1
152 1
110 1
29 1
5 1
138 1
150 1
51 1
132 1
116 1
120 1
89 1
94 1
72 1
116 1
129 1
113 1
1 1
110 1
103 1
178 1
185 1
35 1
89 1
