177 1
1
1
1
2
2
2
1
1
2
0
1
1
0
0
0
1
2
2
0
0
0
2
2
1
1
1
2
2
2
2
0
1
0
0
0
0
0
1
1
0
1
0
0
0
0
0
0
0
0
2
0
1
0
2
1
2
0
2
2
1
1
2
2
2
0
1
2
1
1
2
0
0
2
2
1
0
0
0
0
0
0
2
0
2
2
1
1
2
1
1
1
2
0
1
0
2
0
0
0
1
0
2
0
1
1
1
0
1
1
0
2
1
0
2
2
0
1
2
0
0
2
0
0
0
1
2
0
2
2
0
1
2
2
0
0
0
1
2
0
0
2
0
2
2
0
2
1
0
1
2
0
2
0
2
1
0
0
2
1
1
2
0
2
1
0
2
2
0
0
2
0
1
2
1
2
1
2
321
145 1
83 1
80 1
162 1
36 1
57 1
75 1
79 1
11 1
137 1
166 1
140 1
29 1
6 1
10 1
50 1
82 1
119 1
76 1
108 1
175 1
89 1
14 1
148 1
74 1
80 1
86 1
133 1
29 1
50 1
137 1
20 1
75 1
126 1
142 1
109 1
78 1
57 1
122 1
102 1
166 1
126 1
98 1
89 1
52 1
169 1
84 1
141 1
106 1
132 1
28 1
41 1
112 1
102 1
171 1
11 1
102 1
60 1
27 1
93 1
106 1
172 1
41 1
120 1
114 1
103 1
57 1
29 1
134 1
110 1
99 1
139 1
24 1
42 1
156 1
110 1
148 1
120 1
162 1
34 1
169 1
65 1
129 1
106 1
84 1
54 1
114 1
18 1
100 1
114 1
41 1
161 1
85 1
167 1
102 1
126 1
140 1
41 1
143 1
154 1
146 1
41 1
102 1
141 1
153 1
58 1
45 1
68 1
90 1
86 1
86 1
1 1
71 1
3 1
84 1
166 1
116 1
74 1
27 1
39 1
91 1
77 1
88 1
24 1
54 1
122 1
34 1
71 1
169 1
100 1
146 1
82 1
6 1
169 1
9 1
38 1
137 1
47 1
91 1
99 1
115 1
93 1
99 1
63 1
166 1
122 1
167 1
141 1
15 1
124 1
23 1
177 1
70 1
102 1
111 1
39 1
167 1
40 1
137 1
131 1
54 1
155 1
19 1
109 1
20 1
151 1
144 1
169 1
129 1
62 1
151 1
128 1
125 1
61 1
8 1
121 1
132 1
54 1
77 1
21 1
155 1
113 1
97 1
146 1
137 1
153 1
154 1
120 1
118 1
17 1
127 1
28 1
157 1
39 1
81 1
155 1
10 1
174 1
61 1
58 1
6 1
23 1
33 1
68 1
42 1
101 1
32 1
19 1
112 1
166 1
5 1
26 1
11 1
15 1
59 1
154 1
168 1
48 1
79 1
70 1
30 1
125 1
40 1
24 1
2 1
135 1
54 1
151 1
25 1
109 1
85 1
100 1
100 1
38 1
171 1
135 1
91 1
165 1
72 1
175 1
140 1
76 1
114 1
128 1
4 1
43 1
97 1
110 1
64 1
56 1
84 1
123 1
97 1
58 1
96 1
176 1
92 1
62 1
52 1
174 1
131 1
176 1
99 1
85 1
77 1
62 1
60 1
10 1
6 1
123 1
87 1
55 1
86 1
123 1
108 1
155 1
29 1
177 1
73 1
56 1
94 1
69 1
70 1
50 1
8 1
142 1
100 1
128 1
8 1
90 1
6 1
58 1
43 1
11 1
64 1
109 1
168 1
97 1
61 1
114 1
126 1
49 1
173 1
40 1
109 1
87 1
158 1
68 1
57 1
39 1
22 1
147 1
96 1
110 1
53 1
129 1
43 1
6 1
23 1
143 1
154 1
