500 1
3
1
0
3
1
2
1
0
1
1
3
2
1
1
2
3
2
0
0
1
0
0
0
2
3
0
3
3
0
2
3
2
1
0
0
0
3
0
1
3
3
1
3
2
1
0
1
0
2
1
0
0
1
1
0
0
1
3
1
1
1
2
1
0
1
1
1
2
1
0
0
2
0
1
0
3
3
2
3
0
1
1
3
2
1
3
1
3
1
3
2
2
2
2
3
3
3
2
1
3
2
2
2
0
0
3
0
2
2
0
1
0
2
1
0
3
3
2
0
0
3
3
3
0
1
0
0
2
2
3
1
1
2
1
1
0
1
0
1
3
0
2
1
0
1
0
2
1
1
0
1
0
1
1
2
3
3
1
3
0
0
2
0
1
0
2
1
1
1
3
3
3
2
0
1
1
1
0
0
1
1
0
1
3
0
1
3
2
2
2
0
2
1
3
3
2
2
1
1
0
2
1
0
2
3
2
2
2
0
3
2
1
3
1
1
2
1
3
1
2
1
0
3
3
1
2
3
0
1
1
2
2
0
1
1
0
3
3
3
2
3
3
3
0
3
1
1
2
0
0
3
2
3
0
0
1
0
2
2
1
1
0
1
0
2
1
2
1
1
1
3
3
3
2
3
0
3
2
3
2
0
1
1
1
0
3
3
1
3
3
0
0
3
2
1
1
2
0
1
0
0
0
3
0
0
2
3
3
3
2
1
1
1
3
3
1
2
2
3
2
2
1
1
0
1
1
1
2
2
0
0
1
3
2
3
3
2
0
0
2
0
3
3
3
0
3
2
2
1
1
0
2
2
1
3
1
3
1
3
0
3
0
3
3
3
1
2
1
3
2
2
1
1
2
0
3
3
2
3
1
2
0
3
2
1
2
3
2
3
1
2
1
3
1
3
2
1
3
1
3
0
2
2
0
2
3
1
2
2
1
0
3
1
1
0
2
1
0
3
1
0
3
2
3
0
0
0
2
1
2
1
1
3
0
2
0
1
2
0
1
2
2
0
0
2
1
1
0
1
3
2
2
3
0
3
1
3
0
3
3
0
0
1
0
1
3
0
3
2
0
0
3
0
2
2
3
1
0
2
0
2
1
3
1
1
3
3
3
3
2
1
3
2
1
0
0
2
3
2
3
1000
73 1
245 1
396 1
141 1
290 1
85 1
260 1
316 1
41 1
331 1
216 1
376 1
42 1
174 1
487 1
424 1
334 1
275 1
67 1
222 1
353 1
131 1
457 1
484 1
379 1
223 1
426 1
486 1
465 1
430 1
408 1
394 1
64 1
170 1
87 1
111 1
420 1
493 1
75 1
144 1
178 1
480 1
433 1
286 1
323 1
104 1
339 1
330 1
12 1
210 1
422 1
46 1
183 1
29 1
474 1
449 1
296 1
111 1
212 1
23 1
457 1
404 1
27 1
406 1
306 1
473 1
95 1
267 1
227 1
419 1
95 1
449 1
406 1
1 1
441 1
395 1
111 1
336 1
27 1
110 1
364 1
74 1
291 1
409 1
87 1
233 1
273 1
205 1
391 1
273 1
460 1
108 1
211 1
73 1
484 1
183 1
65 1
112 1
184 1
214 1
369 1
366 1
312 1
284 1
375 1
67 1
162 1
394 1
400 1
242 1
412 1
81 1
348 1
303 1
276 1
128 1
198 1
161 1
45 1
295 1
261 1
482 1
52 1
203 1
393 1
435 1
89 1
332 1
212 1
311 1
478 1
316 1
377 1
61 1
192 1
168 1
281 1
416 1
297 1
364 1
77 1
431 1
331 1
279 1
438 1
444 1
214 1
50 1
25 1
88 1
439 1
364 1
444 1
448 1
224 1
465 1
26 1
123 1
75 1
42 1
9 1
365 1
410 1
62 1
71 1
444 1
74 1
26 1
275 1
403 1
396 1
12 1
300 1
423 1
428 1
304 1
181 1
441 1
378 1
168 1
330 1
115 1
246 1
60 1
460 1
136 1
161 1
349 1
212 1
19 1
36 1
425 1
300 1
7 1
340 1
72 1
15 1
87 1
363 1
326 1
61 1
106 1
436 1
45 1
211 1
206 1
419 1
284 1
345 1
346 1
121 1
404 1
117 1
65 1
38 1
146 1
307 1
201 1
349 1
221 1
177 1
390 1
277 1
435 1
249 1
46 1
290 1
323 1
380 1
69 1
373 1
140 1
15 1
241 1
371 1
467 1
428 1
366 1
131 1
260 1
22 1
366 1
144 1
200 1
181 1
25 1
327 1
120 1
205 1
201 1
285 1
419 1
41 1
229 1
468 1
211 1
160 1
447 1
13 1
472 1
175 1
102 1
425 1
44 1
433 1
469 1
6 1
183 1
338 1
119 1
41 1
115 1
154 1
360 1
148 1
417 1
322 1
335 1
465 1
448 1
155 1
403 1
28 1
12 1
293 1
103 1
302 1
426 1
25 1
135 1
220 1
315 1
233 1
215 1
312 1
130 1
442 1
408 1
471 1
172 1
377 1
170 1
463 1
136 1
412 1
339 1
479 1
240 1
263 1
68 1
120 1
230 1
247 1
445 1
482 1
224 1
192 1
350 1
158 1
378 1
131 1
317 1
66 1
78 1
173 1
342 1
80 1
151 1
4 1
453 1
11 1
442 1
208 1
156 1
203 1
313 1
78 1
92 1
300 1
14 1
281 1
248 1
36 1
356 1
89 1
234 1
185 1
18 1
2 1
302 1
435 1
449 1
319 1
90 1
133 1
37 1
154 1
177 1
300 1
297 1
389 1
272 1
124 1
285 1
219 1
127 1
62 1
353 1
44 1
211 1
125 1
74 1
9 1
441 1
188 1
387 1
227 1
159 1
458 1
494 1
165 1
72 1
4 1
298 1
412 1
29 1
452 1
303 1
411 1
330 1
57 1
449 1
186 1
126 1
484 1
434 1
293 1
357 1
255 1
413 1
381 1
320 1
52 1
334 1
101 1
293 1
293 1
139 1
424 1
170 1
298 1
353 1
115 1
87 1
356 1
142 1
396 1
282 1
431 1
286 1
45 1
268 1
169 1
38 1
380 1
454 1
426 1
498 1
288 1
425 1
432 1
277 1
216 1
143 1
400 1
93 1
357 1
226 1
248 1
36 1
414 1
357 1
289 1
150 1
244 1
315 1
482 1
340 1
308 1
185 1
164 1
320 1
399 1
15 1
417 1
323 1
463 1
433 1
16 1
152 1
364 1
32 1
60 1
417 1
404 1
37 1
80 1
251 1
67 1
148 1
297 1
485 1
155 1
69 1
374 1
5 1
107 1
453 1
433 1
25 1
141 1
248 1
193 1
219 1
56 1
220 1
267 1
54 1
8 1
105 1
435 1
124 1
324 1
304 1
185 1
164 1
64 1
397 1
325 1
115 1
107 1
242 1
462 1
308 1
56 1
182 1
286 1
197 1
241 1
460 1
73 1
98 1
487 1
103 1
178 1
17 1
334 1
462 1
433 1
303 1
107 1
51 1
388 1
277 1
301 1
11 1
169 1
441 1
147 1
63 1
146 1
29 1
429 1
30 1
3 1
427 1
338 1
43 1
322 1
217 1
434 1
435 1
100 1
422 1
362 1
189 1
120 1
78 1
32 1
116 1
6 1
282 1
193 1
346 1
248 1
237 1
378 1
181 1
236 1
125 1
50 1
166 1
424 1
212 1
376 1
216 1
108 1
232 1
477 1
149 1
348 1
37 1
334 1
291 1
51 1
281 1
140 1
76 1
10 1
292 1
102 1
179 1
306 1
63 1
443 1
210 1
242 1
390 1
214 1
145 1
82 1
462 1
273 1
131 1
170 1
365 1
104 1
31 1
158 1
266 1
12 1
261 1
78 1
482 1
410 1
128 1
235 1
41 1
284 1
438 1
90 1
361 1
206 1
326 1
484 1
26 1
183 1
160 1
81 1
130 1
344 1
185 1
362 1
172 1
204 1
390 1
320 1
52 1
492 1
222 1
202 1
55 1
435 1
87 1
487 1
431 1
238 1
57 1
183 1
27 1
215 1
485 1
156 1
268 1
433 1
271 1
156 1
148 1
161 1
409 1
250 1
224 1
148 1
85 1
2 1
47 1
498 1
4 1
15 1
361 1
107 1
172 1
24 1
438 1
301 1
179 1
96 1
180 1
283 1
428 1
171 1
267 1
365 1
335 1
55 1
309 1
371 1
133 1
249 1
345 1
255 1
159 1
236 1
452 1
255 1
16 1
158 1
403 1
298 1
403 1
172 1
191 1
125 1
337 1
219 1
31 1
344 1
292 1
13 1
157 1
141 1
53 1
228 1
378 1
418 1
272 1
361 1
162 1
88 1
61 1
228 1
3 1
105 1
118 1
5 1
445 1
351 1
291 1
357 1
426 1
311 1
388 1
469 1
123 1
471 1
464 1
163 1
61 1
65 1
340 1
367 1
338 1
254 1
482 1
278 1
363 1
22 1
123 1
184 1
389 1
294 1
119 1
344 1
477 1
106 1
428 1
155 1
82 1
305 1
408 1
107 1
234 1
194 1
72 1
368 1
47 1
449 1
267 1
430 1
311 1
35 1
257 1
207 1
124 1
30 1
2 1
135 1
416 1
35 1
441 1
290 1
103 1
459 1
220 1
63 1
497 1
382 1
143 1
44 1
344 1
258 1
129 1
32 1
425 1
208 1
63 1
370 1
41 1
22 1
73 1
252 1
35 1
414 1
171 1
375 1
228 1
325 1
347 1
310 1
106 1
51 1
123 1
349 1
343 1
204 1
443 1
240 1
202 1
321 1
360 1
472 1
484 1
355 1
190 1
242 1
176 1
250 1
228 1
3 1
399 1
189 1
214 1
45 1
319 1
329 1
226 1
442 1
355 1
265 1
162 1
87 1
376 1
84 1
232 1
104 1
180 1
201 1
409 1
429 1
65 1
193 1
424 1
58 1
145 1
216 1
92 1
142 1
97 1
431 1
401 1
76 1
34 1
259 1
162 1
424 1
493 1
107 1
102 1
102 1
280 1
178 1
252 1
396 1
408 1
258 1
237 1
149 1
440 1
325 1
327 1
457 1
366 1
29 1
163 1
46 1
149 1
394 1
409 1
50 1
407 1
170 1
289 1
488 1
302 1
494 1
358 1
103 1
78 1
141 1
187 1
118 1
267 1
212 1
287 1
388 1
338 1
131 1
490 1
261 1
67 1
68 1
483 1
277 1
63 1
180 1
221 1
200 1
133 1
153 1
37 1
104 1
428 1
126 1
74 1
227 1
199 1
402 1
475 1
227 1
271 1
299 1
228 1
217 1
129 1
5 1
134 1
161 1
199 1
191 1
225 1
95 1
365 1
182 1
43 1
353 1
146 1
312 1
436 1
365 1
101 1
259 1
409 1
172 1
451 1
164 1
346 1
292 1
188 1
470 1
183 1
114 1
450 1
166 1
500 1
37 1
429 1
36 1
269 1
6 1
450 1
164 1
331 1
34 1
22 1
57 1
217 1
53 1
203 1
329 1
280 1
308 1
231 1
281 1
294 1
321 1
161 1
455 1
363 1
359 1
159 1
104 1
415 1
324 1
387 1
101 1
76 1
331 1
278 1
13 1
154 1
401 1
157 1
170 1
384 1
354 1
376 1
34 1
106 1
285 1
350 1
