1 142
0 2 1 1 1 2 2 1 0 1 2 1 2 2 1 2 0 1 2 1 0 2 2 0 0 1 1 2 1 0 0 0 1 0 0 0 2 2 2 1 2 2 1 0 2 2 0 1 2 2 1 0 1 2 0 2 1 2 1 1 1 2 2 0 1 1 1 2 2 2 1 1 1 2 1 0 0 2 2 2 2 2 1 1 0 2 1 2 0 0 2 2 2 1 0 1 0 2 1 1 0 0 0 1 2 2 2 1 2 2 2 1 0 1 1 0 1 1 0 1 0 1 0 0 1 2 0 1 1 1 1 2 2 2 0 2 1 2 1 0 1 1
474
1 113
1 35
1 122
1 142
1 27
1 71
1 72
1 35
1 17
1 134
1 21
1 128
1 81
1 90
1 74
1 37
1 59
1 56
1 54
1 59
1 119
1 3
1 20
1 5
1 103
1 92
1 51
1 140
1 132
1 114
1 84
1 11
1 130
1 40
1 87
1 101
1 83
1 97
1 141
1 96
1 134
1 95
1 88
1 84
1 93
1 98
1 67
1 38
1 87
1 91
1 16
1 68
1 89
1 137
1 106
1 6
1 113
1 70
1 121
1 98
1 112
1 30
1 119
1 124
1 89
1 76
1 109
1 93
1 2
1 138
1 108
1 64
1 68
1 51
1 110
1 137
1 32
1 79
1 86
1 53
1 49
1 56
1 63
1 27
1 120
1 117
1 135
1 16
1 44
1 45
1 8
1 57
1 51
1 44
1 120
1 56
1 114
1 125
1 124
1 129
1 25
1 61
1 77
1 24
1 89
1 1
1 24
1 5
1 113
1 98
1 19
1 5
1 137
1 89
1 137
1 5
1 112
1 128
1 40
1 139
1 32
1 53
1 7
1 18
1 79
1 66
1 43
1 104
1 77
1 78
1 19
1 19
1 65
1 67
1 62
1 62
1 75
1 94
1 33
1 92
1 86
1 84
1 21
1 113
1 100
1 122
1 103
1 94
1 32
1 101
1 122
1 3
1 78
1 75
1 87
1 86
1 122
1 141
1 108
1 52
1 86
1 135
1 61
1 15
1 54
1 118
1 96
1 119
1 84
1 48
1 122
1 117
1 127
1 129
1 59
1 76
1 28
1 131
1 119
1 32
1 57
1 34
1 21
1 115
1 27
1 6
1 66
1 136
1 21
1 106
1 42
1 32
1 57
1 124
1 101
1 58
1 48
1 5
1 1
1 109
1 62
1 4
1 107
1 140
1 89
1 47
1 16
1 15
1 64
1 1
1 132
1 111
1 95
1 112
1 93
1 61
1 125
1 108
1 42
1 100
1 34
1 51
1 42
1 18
1 50
1 126
1 128
1 6
1 19
1 68
1 108
1 107
1 130
1 142
1 134
1 136
1 137
1 8
1 49
1 18
1 23
1 94
1 126
1 2
1 82
1 86
1 75
1 74
1 41
1 35
1 81
1 106
1 23
1 24
1 87
1 79
1 80
1 50
1 53
1 41
1 112
1 69
1 42
1 116
1 125
1 91
1 44
1 35
1 133
1 37
1 43
1 77
1 58
1 59
1 137
1 128
1 28
1 66
1 94
1 17
1 110
1 39
1 94
1 15
1 63
1 85
1 126
1 140
1 99
1 69
1 139
1 41
1 34
1 112
1 2
1 95
1 78
1 101
1 5
1 62
1 101
1 96
1 113
1 83
1 126
1 33
1 100
1 108
1 122
1 42
1 82
1 133
1 57
1 120
1 56
1 12
1 45
1 138
1 82
1 4
1 12
1 22
1 139
1 55
1 91
1 73
1 130
1 26
1 4
1 67
1 58
1 59
1 113
1 8
1 67
1 33
1 85
1 94
1 55
1 79
1 15
1 22
1 2
1 56
1 35
1 70
1 140
1 28
1 4
1 95
1 68
1 92
1 61
1 38
1 78
1 140
1 139
1 75
1 63
1 80
1 41
1 130
1 131
1 15
1 63
1 46
1 135
1 46
1 80
1 61
1 132
1 51
1 50
1 50
1 140
1 107
1 64
1 30
1 105
1 34
1 6
1 125
1 20
1 117
1 97
1 110
1 128
1 50
1 140
1 98
1 14
1 61
1 78
1 8
1 98
1 60
1 1
1 4
1 108
1 33
1 72
1 125
1 86
1 75
1 134
1 73
1 70
1 74
1 47
1 20
1 114
1 120
1 62
1 38
1 21
1 116
1 95
1 39
1 68
1 35
1 128
1 103
1 125
1 72
1 113
1 80
1 114
1 17
1 136
1 141
1 135
1 63
1 130
1 136
1 45
1 37
1 27
1 52
1 97
1 119
1 30
1 49
1 95
1 43
1 14
1 99
1 110
1 82
1 117
1 130
1 127
1 75
1 70
1 78
1 78
1 30
1 122
1 62
1 135
1 73
1 91
1 48
1 107
1 33
1 140
1 7
1 66
1 113
1 59
1 114
1 58
1 38
1 56
1 7
