1 166
1 2 2 0 1 1 2 0 1 1 2 0 0 2 0 2 0 0 0 0 2 1 0 0 2 2 1 1 0 2 0 2 1 0 2 0 0 1 0 1 0 1 2 2 2 0 0 1 1 2 1 0 1 1 2 2 2 2 1 2 1 2 1 0 0 0 2 1 1 0 1 1 1 0 2 2 1 0 1 2 2 2 2 0 1 2 0 0 1 1 0 2 0 2 2 2 2 0 1 0 1 0 0 1 1 0 0 0 1 0 0 1 2 1 0 2 2 1 0 2 2 2 0 0 2 1 1 0 0 0 2 1 0 1 2 0 0 2 2 0 1 2 1 0 0 1 2 0 2 2 2 1 2 2 2 0 0 1 1 0 2 2 0 1 0 1
210
1 65
1 9
1 136
1 73
1 43
1 161
1 72
1 41
1 11
1 81
1 24
1 111
1 123
1 26
1 83
1 166
1 45
1 36
1 20
1 17
1 152
1 56
1 36
1 152
1 61
1 152
1 121
1 65
1 115
1 82
1 121
1 3
1 123
1 150
1 114
1 166
1 129
1 66
1 74
1 47
1 160
1 149
1 79
1 97
1 95
1 99
1 115
1 148
1 28
1 143
1 95
1 156
1 11
1 125
1 58
1 41
1 12
1 105
1 74
1 81
1 22
1 32
1 120
1 70
1 120
1 61
1 77
1 97
1 45
1 120
1 30
1 137
1 90
1 162
1 42
1 62
1 75
1 43
1 91
1 35
1 153
1 99
1 120
1 144
1 140
1 122
1 104
1 29
1 148
1 100
1 57
1 135
1 123
1 142
1 76
1 106
1 64
1 10
1 62
1 53
1 89
1 58
1 100
1 18
1 49
1 78
1 157
1 118
1 117
1 89
1 39
1 137
1 49
1 136
1 53
1 54
1 42
1 82
1 39
1 66
1 115
1 13
1 51
1 151
1 131
1 21
1 121
1 125
1 138
1 72
1 101
1 27
1 100
1 103
1 46
1 87
1 36
1 151
1 143
1 64
1 29
1 26
1 161
1 13
1 96
1 91
1 102
1 95
1 83
1 30
1 77
1 75
1 53
1 48
1 105
1 66
1 53
1 50
1 83
1 148
1 83
1 158
1 42
1 118
1 114
1 50
1 87
1 123
1 83
1 121
1 86
1 34
1 32
1 124
1 85
1 75
1 92
1 111
1 126
1 12
1 164
1 6
1 105
1 133
1 125
1 121
1 105
1 23
1 121
1 72
1 143
1 1
1 75
1 138
1 18
1 165
1 152
1 127
1 69
1 84
1 149
1 54
1 121
1 23
1 75
1 81
1 72
1 17
1 88
1 104
