1 397
0 1 1 1 0 0 0 0 1 1 0 1 1 0 1 0 0 1 1 0 1 1 1 0 1 1 0 0 1 0 0 0 1 1 0 0 0 0 1 1 0 0 1 1 0 0 1 0 0 0 1 1 1 0 0 0 0 0 1 0 1 0 0 0 0 0 0 0 0 0 0 0 1 1 0 1 0 1 0 1 0 0 0 1 0 0 1 0 1 0 1 0 0 1 0 1 1 0 1 1 0 0 0 1 1 1 1 1 0 0 0 0 0 1 0 1 0 1 1 1 0 0 1 0 1 0 1 0 0 0 1 1 1 1 0 0 1 1 1 1 1 1 0 1 0 1 1 0 0 1 0 0 0 0 0 1 0 1 0 1 1 1 0 1 1 1 1 0 0 0 0 1 0 0 1 0 1 1 1 0 1 1 1 1 0 0 1 0 0 1 1 1 0 1 1 1 0 0 0 0 0 0 0 1 0 1 1 1 1 1 0 1 0 1 1 0 1 0 1 0 0 0 0 0 0 0 0 1 1 0 1 1 1 1 1 0 0 0 1 1 1 1 0 0 1 0 1 1 0 1 1 0 0 0 1 1 0 1 1 0 1 1 0 0 1 1 1 0 1 1 0 1 0 0 0 1 1 1 0 1 1 0 0 1 1 1 1 1 0 0 1 1 1 1 1 1 0 1 1 0 0 1 1 0 0 1 1 0 0 0 1 0 1 0 1 1 1 1 0 0 0 1 0 1 1 0 0 1 1 1 1 0 0 0 1 0 1 0 1 1 1 0 0 0 0 1 1 0 1 1 0 0 1 0 0 0 0 0 0 0 0 1 1 1 0 0 1 1 0 0 0 1 0 0 0 1 0 0 0 0 1 0 1 1 1 1 0 0 0 0 0 0 1 1 0 1 0
208
1 123
1 203
1 105
1 1
1 321
1 111
1 349
1 197
1 35
1 227
1 176
1 304
1 129
1 146
1 200
1 218
1 161
1 362
1 89
1 183
1 197
1 138
1 331
1 329
1 158
1 142
1 155
1 291
1 353
1 288
1 396
1 74
1 53
1 300
1 124
1 187
1 104
1 322
1 307
1 193
1 78
1 212
1 380
1 206
1 268
1 170
1 1
1 254
1 141
1 342
1 358
1 71
1 305
1 348
1 125
1 38
1 141
1 10
1 350
1 307
1 3
1 376
1 290
1 32
1 32
1 19
1 213
1 143
1 320
1 24
1 231
1 123
1 136
1 174
1 37
1 140
1 75
1 31
1 347
1 202
1 143
1 164
1 246
1 91
1 90
1 280
1 390
1 55
1 315
1 15
1 18
1 310
1 41
1 11
1 69
1 273
1 187
1 376
1 203
1 227
1 14
1 250
1 368
1 48
1 307
1 340
1 85
1 17
1 23
1 35
1 311
1 363
1 296
1 201
1 178
1 65
1 125
1 338
1 47
1 321
1 279
1 132
1 253
1 344
1 94
1 85
1 274
1 37
1 180
1 56
1 96
1 302
1 119
1 295
1 7
1 221
1 63
1 213
1 127
1 166
1 306
1 126
1 272
1 271
1 345
1 348
1 352
1 330
1 389
1 220
1 27
1 82
1 367
1 295
1 288
1 167
1 190
1 197
1 153
1 337
1 313
1 292
1 32
1 67
1 118
1 6
1 132
1 274
1 360
1 110
1 331
1 161
1 75
1 373
1 298
1 343
1 250
1 194
1 353
1 70
1 267
1 108
1 365
1 114
1 182
1 25
1 368
1 149
1 5
1 60
1 271
1 317
1 82
1 23
1 5
1 222
1 353
1 252
1 46
1 395
1 162
1 6
1 346
1 264
1 223
1 68
1 369
1 215
