1 500
1 2 1 1 1 1 2 3 0 3 3 2 2 3 2 1 1 2 0 3 2 3 2 0 1 2 1 3 2 3 3 1 1 0 2 3 2 0 3 0 0 3 0 2 1 1 2 2 2 0 1 0 2 3 1 2 0 3 3 2 0 1 3 2 0 0 2 3 1 3 1 2 0 0 0 0 3 0 0 0 0 2 1 3 1 1 2 1 1 1 0 2 0 3 0 1 1 3 2 3 1 2 1 2 2 3 2 0 1 0 0 0 0 2 3 0 2 1 2 3 2 2 1 3 0 3 3 1 3 2 0 0 1 2 0 0 2 3 3 1 2 2 3 0 1 0 3 1 1 3 3 0 3 3 3 1 3 0 1 2 1 0 1 2 1 1 3 2 1 0 3 1 2 2 1 1 1 0 1 1 2 3 3 0 3 3 2 3 1 0 1 0 3 3 0 3 3 1 2 2 3 2 2 1 3 3 1 0 0 0 1 0 1 3 3 0 2 2 1 1 3 0 0 1 1 1 1 2 1 2 2 0 1 1 3 1 0 0 3 1 2 1 1 3 3 2 0 1 2 0 3 3 2 0 2 2 3 2 2 2 3 1 3 2 2 2 2 3 2 1 1 3 1 3 1 1 2 2 0 3 3 2 0 2 1 1 3 1 1 2 2 1 1 2 0 1 0 3 1 1 0 0 2 3 2 0 2 3 1 2 0 2 3 2 2 2 0 1 0 1 2 3 0 1 3 3 3 2 2 0 3 1 0 0 3 2 1 1 0 1 2 3 1 1 3 1 3 0 0 3 1 2 3 1 0 2 3 2 3 0 0 1 2 0 1 2 1 3 0 2 1 3 0 0 1 2 1 3 2 0 2 1 3 3 1 0 2 1 3 0 2 3 0 1 0 1 3 1 0 3 1 1 0 1 1 1 3 2 2 0 0 2 1 3 0 2 1 1 3 0 2 1 1 0 2 3 2 2 2 0 1 3 3 0 0 0 2 2 3 2 3 3 1 2 1 1 1 1 0 0 3 2 2 0 3 0 2 1 3 3 2 0 2 3 2 0 1 3 2 1 1 2 3 0 0 2 3 2 1 3 0 0 1 3 2 2 3 3 1 0 2 0 2 2 1 1 0 0 0 1
1000
1 189
1 298
1 225
1 332
1 307
1 473
1 318
1 223
1 65
1 231
1 91
1 449
1 18
1 212
1 76
1 412
1 313
1 153
1 286
1 40
1 87
1 481
1 492
1 362
1 336
1 380
1 308
1 361
1 366
1 378
1 318
1 210
1 478
1 453
1 422
1 30
1 450
1 452
1 355
1 464
1 172
1 103
1 395
1 71
1 417
1 128
1 461
1 320
1 126
1 110
1 302
1 384
1 2
1 117
1 421
1 287
1 339
1 167
1 69
1 191
1 455
1 121
1 181
1 31
1 97
1 452
1 31
1 442
1 12
1 313
1 15
1 390
1 343
1 265
1 280
1 159
1 185
1 156
1 323
1 455
1 298
1 375
1 376
1 62
1 347
1 75
1 46
1 457
1 70
1 398
1 268
1 99
1 350
1 270
1 346
1 103
1 141
1 250
1 363
1 243
1 457
1 182
1 324
1 25
1 146
1 185
1 66
1 250
1 241
1 104
1 456
1 445
1 31
1 124
1 336
1 200
1 469
1 434
1 44
1 405
1 92
1 17
1 64
1 348
1 346
1 159
1 198
1 420
1 72
1 351
1 388
1 46
1 347
1 168
1 209
1 396
1 397
1 327
1 446
1 289
1 207
1 487
1 32
1 91
1 23
1 167
1 25
1 94
1 119
1 258
1 393
1 66
1 225
1 153
1 246
1 307
1 22
1 45
1 157
1 353
1 199
1 125
1 416
1 23
1 133
1 342
1 496
1 423
1 306
1 241
1 487
1 449
1 72
1 278
1 389
1 235
1 292
1 314
1 142
1 440
1 316
1 69
1 132
1 77
1 294
1 361
1 436
1 236
1 426
1 395
1 386
1 235
1 483
1 178
1 72
1 215
1 454
1 97
1 36
1 394
1 132
1 153
1 215
1 291
1 488
1 303
1 6
1 39
1 162
1 175
1 497
1 373
1 206
1 33
1 94
1 64
1 134
1 220
1 227
1 229
1 264
1 100
1 88
1 147
1 486
1 430
1 5
1 209
1 485
1 217
1 62
1 394
1 73
1 172
1 150
1 386
1 11
1 348
1 367
1 372
1 256
1 495
1 112
1 332
1 222
1 35
1 468
1 16
1 301
1 410
1 43
1 114
1 116
1 347
1 415
1 281
1 280
1 385
1 206
1 60
1 472
1 455
1 189
1 418
1 269
1 199
1 190
1 433
1 283
1 402
1 69
1 158
1 363
1 257
1 382
1 332
1 443
1 243
1 31
1 81
1 347
1 60
1 247
1 77
1 258
1 91
1 393
1 256
1 483
1 111
1 130
1 472
1 240
1 104
1 199
1 195
1 422
1 28
1 458
1 146
1 127
1 248
1 311
1 365
1 134
1 25
1 492
1 34
1 203
1 10
1 480
1 130
1 97
1 79
1 201
1 338
1 140
1 228
1 406
1 488
1 201
1 154
1 461
1 370
1 158
1 193
1 81
1 210
1 468
1 373
1 218
1 186
1 277
1 470
1 221
1 195
1 11
1 409
1 373
1 363
1 321
1 274
1 102
1 144
1 175
1 217
1 452
1 358
1 309
1 451
1 441
1 150
1 484
1 61
1 221
1 383
1 207
1 255
1 6
1 317
1 55
1 363
1 394
1 6
1 122
1 134
1 62
1 199
1 119
1 284
1 272
1 413
1 123
1 86
1 12
1 402
1 54
1 204
1 389
1 333
1 40
1 488
1 317
1 175
1 15
1 277
1 180
1 413
1 272
1 464
1 242
1 485
1 345
1 152
1 456
1 485
1 340
1 414
1 178
1 19
1 185
1 149
1 483
1 205
1 112
1 97
1 102
1 181
1 498
1 167
1 410
1 143
1 226
1 174
1 282
1 344
1 403
1 410
1 154
1 232
1 53
1 33
1 349
1 350
1 183
1 434
1 273
1 388
1 293
1 176
1 64
1 74
1 390
1 453
1 88
1 194
1 28
1 262
1 1
1 405
1 321
1 358
1 361
1 42
1 116
1 408
1 239
1 322
1 115
1 93
1 498
1 166
1 151
1 206
1 242
1 307
1 119
1 312
1 121
1 72
1 254
1 91
1 397
1 199
1 224
1 324
1 246
1 294
1 354
1 21
1 453
1 16
1 395
1 158
1 44
1 212
1 118
1 445
1 289
1 181
1 179
1 61
1 9
1 306
1 194
1 417
1 109
1 57
1 168
1 435
1 193
1 425
1 403
1 299
1 412
1 181
1 81
1 187
1 408
1 472
1 492
1 465
1 122
1 194
1 200
1 445
1 209
1 189
1 471
1 39
1 211
1 122
1 248
1 311
1 7
1 404
1 457
1 18
1 109
1 25
1 117
1 137
1 68
1 360
1 286
1 104
1 80
1 366
1 127
1 232
1 438
1 498
1 128
1 70
1 454
1 97
1 482
1 495
1 272
1 432
1 155
1 84
1 445
1 271
1 398
1 73
1 288
1 76
1 363
1 257
1 66
1 194
1 41
1 45
1 484
1 359
1 23
1 138
1 273
1 137
1 86
1 21
1 423
1 299
1 481
1 222
1 178
1 255
1 465
1 346
1 344
1 344
1 338
1 375
1 246
1 430
1 443
1 83
1 491
1 298
1 473
1 335
1 375
1 239
1 102
1 138
1 391
1 135
1 106
1 389
1 343
1 126
1 321
1 91
1 90
1 394
1 384
1 177
1 388
1 451
1 208
1 325
1 252
1 460
1 206
1 115
1 239
1 307
1 438
1 419
1 343
1 478
1 255
1 493
1 421
1 414
1 43
1 209
1 273
1 218
1 258
1 113
1 72
1 474
1 456
1 16
1 251
1 337
1 298
1 218
1 48
1 373
1 341
1 136
1 43
1 432
1 193
1 143
1 57
1 463
1 321
1 196
1 54
1 430
1 319
1 148
1 186
1 183
1 288
1 384
1 373
1 236
1 486
1 305
1 240
1 20
1 471
1 497
1 415
1 236
1 61
1 72
1 248
1 196
1 401
1 40
1 200
1 274
1 274
1 293
1 71
1 115
1 369
1 49
1 340
1 359
1 389
1 273
1 350
1 391
1 78
1 246
1 281
1 376
1 61
1 455
1 433
1 401
1 195
1 364
1 453
1 288
1 261
1 187
1 10
1 223
1 482
1 57
1 38
1 148
1 264
1 493
1 101
1 469
1 28
1 146
1 387
1 132
1 370
1 351
1 93
1 477
1 492
1 238
1 92
1 366
1 491
1 265
1 56
1 486
1 412
1 237
1 12
1 315
1 495
1 180
1 21
1 205
1 396
1 448
1 271
1 413
1 154
1 425
1 336
1 278
1 434
1 276
1 113
1 133
1 240
1 219
1 334
1 229
1 494
1 299
1 261
1 243
1 126
1 333
1 133
1 114
1 449
1 369
1 459
1 310
1 284
1 499
1 422
1 11
1 113
1 497
1 312
1 77
1 199
1 288
1 248
1 216
1 241
1 493
1 381
1 448
1 175
1 144
1 150
1 196
1 405
1 63
1 300
1 191
1 111
1 423
1 469
1 290
1 78
1 195
1 406
1 72
1 240
1 96
1 309
1 254
1 334
1 47
1 295
1 282
1 297
1 170
1 298
1 281
1 44
1 146
1 109
1 428
1 399
1 478
1 369
1 194
1 124
1 392
1 305
1 43
1 28
1 292
1 100
1 153
1 337
1 284
1 275
1 437
1 128
1 78
1 299
1 281
1 411
1 389
1 94
1 324
1 29
1 199
1 331
1 138
1 336
1 24
1 482
1 219
1 65
1 82
1 87
1 296
1 223
1 362
1 357
1 411
1 314
1 409
1 300
1 87
1 450
1 263
1 210
1 35
1 159
1 186
1 281
1 224
1 325
1 81
1 431
1 463
1 134
1 29
1 476
1 176
1 160
1 13
1 193
1 405
1 151
1 470
1 193
1 140
1 434
1 147
1 477
1 360
1 407
1 77
1 160
1 234
1 58
1 367
1 122
1 404
1 29
1 216
1 286
1 372
1 67
1 363
1 183
1 146
1 249
1 119
1 214
1 80
1 142
1 427
1 489
1 439
1 110
1 290
1 120
1 284
1 33
1 121
1 366
1 79
1 326
1 11
1 489
1 297
1 251
1 253
1 102
1 158
1 113
1 415
1 295
1 157
1 358
1 185
1 252
1 73
1 228
1 167
1 65
1 471
1 344
1 442
1 438
1 122
1 87
1 455
1 126
1 20
1 208
1 101
1 414
1 239
1 207
1 404
1 8
1 416
1 398
1 43
1 201
1 103
1 404
1 246
1 197
1 179
1 450
1 180
1 424
1 4
1 53
1 348
1 296
1 36
1 493
1 130
1 494
1 469
1 404
1 144
1 354
1 193
1 347
1 307
1 305
1 303
1 358
1 477
1 325
1 378
1 188
1 248
1 372
1 70
1 485
1 247
1 221
1 473
1 54
1 112
1 65
1 478
1 341
1 122
1 48
1 456
1 136
1 442
1 95
1 88
1 349
1 11
1 20
1 3
