10 27
4 7
6 9
1 3
4 8
2 8
8 9
3 7
2 5
5 8
4 9
8 10
3 6
7 10
1 10
3 4
4 10
2 6
2 10
3 9
1 9
3 5
2 7
4 6
6 8
3 8
7 8
2 4
16
17 5 6 3 4 9 4 6 3 6 2 3 9 4 8 7 6 5
18 2 3 6 2 4 7 10 7 6 7 4 2 5 8 2 10 7 2
16 3 7 2 10 2 3 6 7 8 5 3 4 8 9 1 3
14 7 10 2 4 8 4 7 2 4 8 2 4 7 2
20 6 8 10 7 3 8 3 9 4 6 4 9 4 2 3 6 4 10 2 5
18 10 4 6 3 2 7 8 4 3 7 4 9 1 3 9 8 7 2
17 5 6 2 6 3 2 10 8 5 3 2 10 4 6 7 2 3
20 5 2 6 2 10 7 2 8 2 10 1 3 1 3 8 5 3 8 10 2
10 2 7 3 4 6 5 2 6 4 2
11 2 6 5 8 10 8 6 9 8 3 7
18 3 8 2 8 2 10 4 9 8 9 1 9 3 6 5 2 10 1
12 2 6 3 7 3 7 6 8 3 1 3 7
15 8 10 8 4 10 7 10 7 10 4 9 1 9 6 9
11 7 3 5 2 4 8 5 6 5 3 8
10 5 2 8 3 6 8 7 10 4 9
19 7 8 2 5 6 8 9 3 2 7 6 3 4 9 3 8 10 8 4
