20 60
3 15
1 3
10 11
4 8
2 18
4 18
15 20
3 11
1 17
5 13
8 9
10 15
5 19
2 12
11 14
12 16
9 18
6 17
3 17
11 19
1 20
3 14
6 7
2 19
4 19
9 15
1 16
13 16
7 19
2 13
1 5
7 10
3 4
13 20
8 16
16 18
2 16
7 14
6 18
12 14
9 20
14 19
6 11
10 19
9 16
1 9
13 19
6 12
14 20
2 14
7 8
5 10
6 8
5 16
8 12
2 11
12 19
1 18
13 18
15 16
11
18 4 18 1 18 4 18 1 14 19 11 2 13 16 2 14 12 19 20
14 2 12 6 7 14 19 14 2 11 3 13 19 10 5
14 2 13 5 19 20 9 16 1 5 9 18 8 9 15
12 5 19 14 17 3 14 12 14 17 1 14 20
17 1 17 3 13 19 13 2 18 13 20 8 4 18 6 12 6 18
18 1 16 9 5 19 4 18 4 3 13 18 16 18 9 15 20 9 10
11 6 7 10 15 16 2 16 1 20 19 13
13 17 1 20 6 12 14 11 3 15 10 11 12 11
17 2 19 5 10 5 1 16 13 3 17 6 7 10 19 14 19 11
20 10 15 16 15 10 11 19 14 20 1 17 3 15 9 15 20 8 16 13 16
11 13 20 9 5 13 18 1 14 12 11 3
