76 249
30 65
14 17
29 50
3 35
55 75
48 62
4 36
11 28
3 52
5 57
68 76
8 50
30 51
71 75
51 74
5 8
45 75
19 40
10 69
25 43
18 56
15 30
39 45
32 51
5 18
3 62
11 22
64 75
39 69
29 34
28 46
59 62
7 28
49 68
4 10
19 50
16 63
54 76
29 73
27 50
35 65
14 24
38 53
53 67
28 53
32 48
6 23
6 26
5 34
4 62
43 70
31 38
56 72
13 23
19 60
17 39
31 51
46 68
35 52
42 57
41 55
17 52
11 58
10 14
60 65
38 54
12 74
39 66
54 62
16 75
40 45
30 32
43 69
30 55
15 43
14 33
6 57
60 70
23 50
30 70
14 75
65 66
62 65
44 52
21 46
4 37
26 29
41 67
47 74
5 56
29 43
27 71
13 16
19 54
1 10
40 48
21 71
23 68
44 46
23 49
5 17
22 46
21 30
5 46
15 72
49 57
22 29
46 72
45 64
51 63
18 32
24 40
5 10
3 22
2 50
13 47
20 33
21 55
60 72
26 34
64 70
21 36
11 65
20 28
27 43
13 60
5 33
16 39
13 75
22 67
15 55
50 76
20 56
1 48
6 64
5 13
19 22
48 51
7 73
49 50
38 68
5 36
9 33
24 71
14 51
58 73
37 46
1 72
42 59
7 63
27 63
9 24
15 22
45 56
69 75
16 73
1 23
4 49
14 44
4 76
16 52
21 70
41 63
54 65
36 63
42 60
57 73
67 76
30 64
15 24
6 8
2 40
6 31
12 19
29 32
1 18
2 25
50 63
15 51
13 31
19 52
17 47
24 41
25 55
20 55
21 57
54 66
8 23
6 75
53 65
27 57
55 66
45 49
25 67
14 55
23 45
49 69
8 14
46 74
11 43
26 58
15 35
46 57
1 36
22 51
65 69
4 23
59 68
1 41
39 49
65 74
27 41
7 23
39 73
12 21
68 74
19 72
24 72
5 48
3 13
2 31
7 45
4 14
15 38
24 35
2 57
60 64
5 65
39 43
20 36
37 55
47 51
7 66
6 19
11 17
41 65
13 67
13 14
61 73
16 34
50 68
36 45
21 69
14 32
19 45
10 64
17 48
7 61
53 56
10
10 22 51 15 55 20 28 46 21 36 4
17 2 40 2 50 68 50 76 68 49 50 23 49 39 73 29 50 19
18 63 71 75 14 32 14 10 14 17 5 48 1 23 50 49 69 49 69
11 62 65 69 21 36 21 36 20 36 21 55
19 2 40 2 31 6 23 6 19 45 36 5 18 1 12 19 54 65 66 54
10 53 67 41 55 25 43 25 67 25 67
11 7 66 55 14 32 18 5 34 5 33 5
16 22 51 31 51 15 24 72 61 7 61 72 61 7 23 49 4
11 32 48 17 52 17 5 18 32 51 15 72
12 42 60 72 15 24 41 63 27 71 75 6 23
