62 256
23 51
22 57
33 55
7 12
22 44
54 58
26 28
33 36
35 41
2 22
16 47
3 7
10 61
35 58
34 46
16 50
7 55
36 61
27 55
8 24
47 56
14 31
17 51
53 59
52 53
14 18
13 58
8 41
34 57
22 28
12 28
4 52
8 15
23 25
15 49
14 43
11 42
51 60
41 52
5 11
3 23
1 59
14 24
13 48
38 53
3 40
12 56
18 61
32 48
54 61
23 38
17 18
24 62
16 38
7 44
40 54
31 51
15 52
52 60
10 14
28 58
21 24
34 48
12 27
2 18
15 62
6 42
3 11
21 44
37 47
51 54
16 56
24 33
1 33
6 14
38 51
22 45
6 29
54 59
12 13
33 59
16 29
6 32
5 56
13 16
4 48
9 61
6 55
30 48
3 6
14 34
12 41
3 27
51 53
17 50
8 25
46 49
28 49
9 20
14 19
2 43
5 46
4 53
27 31
9 56
34 37
33 43
3 22
52 56
27 53
44 51
26 34
18 58
48 54
5 20
13 60
3 60
28 33
22 36
23 52
48 57
22 43
18 22
1 3
16 42
40 55
7 47
61 62
11 40
15 32
46 56
7 56
36 48
2 55
1 37
25 32
13 50
12 62
10 26
43 56
38 58
8 36
16 17
6 36
55 62
29 39
2 19
33 44
19 58
34 43
25 57
24 47
20 61
9 11
26 62
46 53
38 45
11 56
19 32
2 39
8 46
6 18
21 26
30 47
45 56
8 33
31 46
14 57
4 49
5 39
7 36
16 33
15 60
8 26
22 53
13 43
38 46
43 49
15 24
58 61
21 29
12 19
3 53
9 42
8 62
2 25
33 42
14 41
3 4
1 52
12 47
26 52
46 51
9 22
22 37
21 35
5 19
13 59
23 32
22 40
11 24
50 53
16 24
30 56
36 43
27 29
2 26
34 39
14 42
2 9
18 34
46 57
43 54
8 20
56 57
20 39
19 25
44 49
15 18
29 57
45 52
2 46
11 18
23 39
31 42
4 61
35 47
9 32
8 56
31 39
36 40
20 62
37 45
1 50
5 15
13 39
2 57
9 31
5 28
4 20
11 12
27 35
33 52
7 9
48 49
37 55
29 60
12 15
14 45
19 56
14 32
20 51
26 48
24 32
20 46
2 58
100
100 40 55 7 55 7 56 47 12 13 48 5 46 56 46 49 28 58 35 41 35 21 24 32 15 52 33 59 13 50 13 60 15 60 51 44 7 36 22 53 4 49 4 53 38 58 13 12 13 43 56 19 58 38 51 31 42 33 55 37 40 22 45 37 47 35 47 35 41 8 46 34 46 38 53 46 34 18 6 29 27 3 7 3 23 51 44 7 55 33 55 40 54 58 13 16 56 8 33 43 54
100 20 5 20 61 9 56 57 2 57 29 60 29 57 48 49 15 24 21 26 52 23 32 23 3 1 33 44 49 43 54 59 33 28 58 38 58 13 58 38 51 44 22 28 26 10 14 6 18 34 57 29 16 50 17 16 24 14 19 56 57 22 45 14 24 11 9 22 3 27 3 23 51 20 46 51 17 16 50 53 22 28 58 2 39 20 51 54 48 36 61 20 62 55 62 15 62 61 18 17 50
100 32 23 39 23 3 22 3 60 51 31 27 29 60 51 54 40 11 3 4 52 41 12 56 19 58 54 43 14 31 9 61 10 61 36 6 18 14 32 9 61 4 61 54 58 18 11 24 62 12 41 14 32 25 32 9 20 4 3 1 50 53 27 35 41 35 41 12 41 52 1 33 59 13 50 16 33 36 40 22 28 22 18 61 10 61 58 38 23 38 46 31 51 54 59 1 52 56 11 24 21
100 50 53 4 20 39 2 22 18 22 18 17 18 58 35 41 14 42 6 14 18 58 38 23 52 26 62 12 19 25 2 25 57 56 46 20 39 5 28 26 34 43 2 39 2 26 52 4 53 52 56 57 2 55 6 3 53 3 23 39 20 4 48 30 56 45 38 45 37 40 11 9 7 12 56 11 3 1 3 60 52 26 21 44 49 44 22 40 11 5 11 18 58 13 60 51 17 18 22 18 22
100 16 32 24 15 32 9 11 18 11 18 14 6 42 16 38 46 8 33 55 7 55 37 1 3 6 29 16 42 11 56 8 33 24 32 48 4 53 52 33 55 37 22 37 22 37 1 50 16 50 16 42 9 56 7 47 56 52 33 16 47 56 7 56 12 62 61 4 3 11 24 11 5 48 32 24 15 24 16 42 31 51 31 46 31 46 8 26 10 14 24 11 56 19 12 19 5 48 16 38 46
100 12 13 50 16 29 39 34 14 34 37 47 56 5 20 39 20 46 8 62 20 62 8 20 5 56 12 7 36 48 4 48 36 6 3 23 38 51 46 38 45 37 55 7 55 2 26 48 5 56 16 47 12 62 61 62 55 62 15 18 6 29 16 48 34 39 2 18 15 32 6 3 23 52 56 16 50 17 51 60 29 39 23 52 41 12 7 3 4 61 20 51 31 14 24 11 3 11 56 45 14
100 39 23 52 4 53 52 60 15 62 8 26 48 54 51 20 62 26 52 41 52 23 32 23 39 34 37 55 62 55 2 55 2 9 2 58 54 48 4 53 46 57 25 57 25 19 14 43 34 37 45 14 6 3 40 11 18 34 43 14 32 6 55 37 45 22 3 60 15 24 47 35 47 35 47 7 56 43 36 48 16 32 19 5 39 23 38 53 4 49 48 4 49 28 22 43 56 8 20 61 10
100 20 51 31 14 34 48 30 48 16 56 43 54 61 54 48 34 43 2 58 54 58 54 40 54 43 49 15 49 44 7 9 2 22 40 3 6 29 39 5 15 52 45 22 36 22 43 49 46 56 45 14 42 16 17 18 14 41 35 21 24 21 29 27 29 16 56 52 41 52 60 13 43 54 61 10 14 19 14 57 56 12 15 49 46 31 9 56 43 22 2 19 32 48 49 43 54 61 9 7 36
100 30 47 16 29 27 35 58 61 36 40 22 44 51 23 3 27 31 27 29 6 32 16 24 62 12 28 5 11 40 36 48 13 43 54 48 4 48 4 48 57 22 57 46 56 9 2 57 34 48 26 62 12 47 56 12 28 26 48 32 15 8 15 52 26 8 20 62 26 52 56 47 24 47 7 3 22 44 49 44 33 52 60 51 38 45 22 18 6 14 18 6 55 37 47 7 3 23 32 6 3
100 22 37 45 38 53 50 17 18 58 19 32 25 8 46 5 19 2 57 22 9 7 44 7 47 35 21 44 22 28 12 19 32 16 17 18 6 55 33 59 53 46 51 38 45 52 60 15 5 20 61 9 32 24 21 26 28 5 20 8 41 8 36 40 36 43 56 45 14 24 8 41 52 23 51 17 51 60 15 12 28 26 10 61 62 20 46 56 52 60 3 6 29 16 38 51 60 29 60 3 23
100 11 56 52 1 52 41 12 15 8 20 61 62 12 7 47 35 27 12 56 52 56 7 9 20 46 2 43 14 43 2 58 18 2 43 36 48 36 43 49 44 49 48 57 56 19 32 6 14 19 14 10 14 10 26 10 26 28 5 15 8 41 14 43 54 40 37 40 11 56 47 35 58 19 25 23 32 15 24 16 32 16 32 15 5 46 31 51 53 4 48 16 47 24 47 24 8 20 8 62 61
100 9 61 54 51 53 51 60 52 56 8 62 8 41 35 21 29 27 35 27 53 59 1 33 1 52 33 36 6 18 6 14 42 11 56 47 35 21 26 8 41 14 32 23 52 4 53 51 23 52 15 32 15 18 11 18 11 24 33 8 41 35 58 54 51 53 4 49 44 51 23 51 54 43 56 9 31 51 60 52 60 51 31 42 14 42 11 12 19 12 41 52 56 46 2 55 6 3 60 29 16
100 28 33 52 53 3 7 12 19 56 45 38 53 27 3 60 29 39 34 46 56 52 53 4 53 46 38 46 38 16 24 16 38 23 32 23 3 1 37 40 36 43 54 59 53 27 12 56 57 29 16 42 11 18 2 57 34 37 34 57 25 8 46 53 4 3 7 47 12 27 12 28 5 28 33 8 25 2 39 13 43 13 39 13 60 3 4 20 51 31 9 22 43 56 57 46 53 3 1 59 13
100 14 42 31 42 33 28 22 36 43 49 43 14 24 32 9 31 39 5 46 31 46 53 3 27 55 27 53 4 48 26 28 12 28 12 15 62 15 5 15 8 20 39 23 52 53 46 56 16 48 57 46 2 25 19 2 9 22 36 6 14 32 14 31 39 23 51 46 8 26 48 36 8 56 5 56 43 14 10 61 4 49 28 33 24 16 48 36 61 58 61 54 48 30 48 30 47 7 36 6 29
100 19 32 16 50 16 32 19 14 42 31 51 53 3 1 52 33 16 47 16 29 16 42 33 52 41 8 36 7 9 61 36 43 36 48 54 58 61 20 4 3 53 52 4 48 13 43 14 18 14 41 12 27 55 27 3 27 29 39 20 62 61 54 61 18 34 39 2 19 32 48 49 15 60 15 8 24 32 16 56 16 13 60 3 27 12 15 24 21 29 27 12 7 3 22 40 37 45 14 32 15
100 17 18 2 46 5 15 8 41 8 62 20 46 20 8 25 19 5 46 31 42 11 3 60 3 53 3 7 36 40 11 3 22 9 31 14 34 39 29 21 44 51 46 38 51 60 29 57 46 57 48 54 61 9 56 9 56 19 25 8 41 35 47 12 7 9 32 48 54 51 38 23 38 46 56 5 11 42 6 14 45 14 24 47 7 3 1 52 41 8 56 16 33 55 37 22 40 37 40 54 43
100 15 62 20 5 28 12 13 58 38 45 14 24 62 8 62 20 9 31 42 9 11 9 22 40 37 22 45 56 45 37 1 37 34 18 22 53 22 53 59 33 8 41 12 11 18 58 13 16 32 25 2 26 34 14 31 39 20 51 53 4 52 60 15 60 29 60 52 4 61 18 58 28 12 56 19 32 9 2 9 42 11 12 7 12 62 24 16 17 51 38 16 17 18 34 39 5 56 46 5 56
100 10 61 20 61 58 61 4 61 62 15 49 15 5 28 12 27 53 4 61 54 48 36 40 3 7 3 27 31 14 41 35 47 7 44 49 4 53 51 60 52 4 20 61 18 6 14 31 39 31 51 31 9 22 9 31 39 5 39 13 16 48 36 33 8 46 20 39 2 46 53 27 12 7 9 11 12 15 12 19 2 18 15 60 52 23 25 32 19 2 25 8 26 2 57 56 8 56 8 24 8
100 48 36 43 22 40 36 8 15 5 20 51 23 38 23 39 5 39 34 57 56 12 7 9 11 56 52 56 19 12 56 5 39 20 51 31 14 32 16 33 8 56 8 46 51 31 39 29 6 42 14 18 58 54 61 36 22 18 6 14 10 61 10 26 10 14 43 14 24 15 12 7 55 37 40 36 22 9 31 51 53 59 54 51 46 51 38 45 52 26 2 26 28 49 15 62 8 25 57 14 57
100 32 15 8 62 12 11 42 33 52 23 51 60 52 4 49 15 62 26 10 26 34 48 4 49 28 58 38 51 46 2 19 56 5 56 19 25 2 9 56 57 48 30 48 4 52 53 22 3 60 13 50 53 51 38 16 32 25 8 46 51 53 22 28 22 40 37 40 22 3 6 36 33 24 47 37 1 3 27 31 46 38 51 20 9 56 52 53 22 45 14 43 36 22 9 20 9 42 16 13 43
100 36 40 11 12 7 47 56 19 14 10 61 18 15 18 15 24 62 15 60 51 17 18 2 55 37 34 48 57 46 2 55 6 32 48 5 28 49 4 61 36 61 20 8 20 5 11 5 20 4 49 28 5 56 12 7 55 7 55 37 1 59 54 43 14 43 49 44 33 1 3 27 3 22 2 19 14 19 25 57 25 57 29 21 29 39 2 46 5 11 42 33 59 33 55 40 55 62 55 27 55
100 25 57 14 57 2 46 31 27 3 23 3 4 3 40 11 9 56 47 12 19 25 19 14 6 36 40 22 28 5 19 56 52 33 44 49 46 51 54 58 19 2 39 13 43 49 43 54 43 22 36 22 36 6 18 58 18 2 9 61 62 20 39 5 11 56 30 48 30 56 7 56 57 22 43 56 52 1 50 17 50 13 58 18 17 51 17 50 13 58 54 61 62 61 36 33 24 16 47 35 41
100 54 59 54 58 19 58 61 9 22 40 22 3 1 50 1 50 17 18 2 18 11 12 28 5 56 19 25 57 2 25 2 22 9 20 62 8 62 12 11 3 11 24 14 34 43 13 39 23 3 40 55 33 59 54 58 54 61 10 14 31 39 20 51 31 51 38 23 3 4 52 56 8 24 47 12 7 9 32 14 34 48 26 48 36 33 44 7 44 49 4 49 43 49 43 56 57 25 8 15 5
100 56 45 37 34 48 34 43 22 18 61 62 20 62 24 32 6 42 31 27 3 40 36 22 45 38 16 48 54 48 26 52 26 48 49 46 38 51 38 23 51 23 51 17 18 61 54 61 9 56 11 40 11 9 61 58 19 12 28 49 28 49 46 49 48 32 25 23 32 6 14 19 5 48 16 50 1 3 11 18 11 9 20 39 29 21 24 8 24 8 24 32 9 22 45 22 45 56 9 56 19
100 8 25 8 20 62 20 51 31 46 8 46 2 43 22 18 14 42 31 42 11 12 62 20 61 58 35 21 24 33 1 52 60 29 39 34 48 57 48 5 46 5 56 8 46 5 39 31 51 23 38 46 34 39 13 59 53 38 23 32 14 45 56 30 47 30 48 13 50 53 38 51 20 46 34 43 56 43 36 33 8 24 8 62 26 52 60 13 48 16 42 14 31 27 35 21 24 16 48 16 56
100 53 59 54 58 28 33 52 56 5 11 56 16 29 16 47 35 41 14 31 39 31 42 6 18 58 19 56 8 62 26 2 18 61 62 15 32 19 58 19 56 16 32 6 42 6 29 6 55 27 12 7 55 6 32 16 42 16 42 16 38 23 32 9 61 36 6 3 6 18 6 32 15 49 43 2 22 36 33 8 24 21 44 7 9 56 7 3 4 48 13 48 16 47 24 32 16 13 60 52 33
100 51 46 5 48 54 48 30 48 4 52 53 3 27 29 21 44 7 3 60 3 53 22 2 22 53 52 60 52 41 52 33 28 26 34 37 22 53 38 58 35 41 14 24 15 49 4 53 51 54 48 26 48 32 9 22 40 11 3 40 37 1 59 1 33 59 53 3 6 18 11 40 22 36 8 20 46 53 27 31 46 34 57 46 53 51 44 22 37 1 37 1 33 36 43 54 58 18 14 43 14
100 15 24 11 24 33 24 14 32 15 18 2 46 56 11 42 14 24 47 56 57 2 22 45 56 11 18 58 38 45 22 57 56 12 13 12 13 58 18 2 39 31 51 17 50 16 56 43 36 43 49 43 56 46 57 56 11 12 41 8 33 43 13 43 2 26 34 39 31 39 23 3 22 37 40 37 55 37 40 11 9 42 31 14 43 34 39 29 27 3 40 3 27 53 51 20 61 20 4 48 5
100 33 42 11 3 22 45 56 52 56 43 54 40 55 6 32 6 3 53 46 2 55 40 37 47 30 56 5 19 32 14 6 29 60 52 33 36 33 1 52 60 15 18 2 46 51 44 22 44 22 57 14 31 39 13 39 20 4 48 16 48 4 61 36 8 15 18 17 51 54 58 2 19 56 47 7 36 40 22 9 61 10 26 52 4 53 59 1 33 44 22 43 34 46 56 52 56 9 11 24 21
100 19 58 19 2 19 5 28 12 19 58 13 58 35 47 37 55 62 8 25 2 58 13 48 32 48 32 48 13 48 13 48 49 28 26 34 46 31 42 16 33 42 9 20 51 17 51 44 22 53 52 26 62 61 58 54 40 37 34 14 45 22 3 40 22 9 56 9 7 36 33 24 15 12 41 52 56 30 47 12 56 11 3 27 29 21 44 51 23 3 60 3 23 32 9 31 27 35 21 35 21
100 19 58 35 47 56 11 56 52 33 1 37 55 33 44 7 47 35 41 35 21 29 60 29 27 12 13 60 51 31 27 35 58 19 5 56 57 56 9 22 40 54 43 22 43 56 12 28 49 43 34 18 2 25 32 14 6 18 14 6 18 34 46 20 39 23 25 32 24 14 6 36 40 54 61 54 61 18 22 3 7 12 15 32 23 51 20 46 31 9 56 30 47 37 45 14 34 48 34 39 23
100 11 3 27 35 27 53 3 40 55 37 55 33 24 32 19 32 48 4 48 16 56 12 56 30 56 11 56 5 28 12 62 55 2 22 40 36 8 15 8 25 57 34 46 53 3 60 13 43 13 43 33 36 8 24 16 56 9 61 4 20 39 20 62 24 62 8 56 46 56 5 28 22 36 40 11 42 33 36 7 44 49 46 51 60 51 20 61 18 61 58 28 12 47 35 58 13 59 33 44 51
100 8 56 52 1 59 54 40 3 6 42 16 38 53 59 54 58 2 18 34 57 22 53 4 52 41 8 62 55 37 34 37 40 55 27 12 62 8 33 52 33 8 26 62 8 20 4 61 58 28 49 48 57 48 26 34 37 55 40 55 2 26 21 24 14 57 14 32 15 24 8 36 22 2 46 2 18 6 14 34 37 55 27 55 40 3 27 35 47 24 8 56 12 47 16 38 58 38 23 52 45
100 1 59 13 12 27 53 46 56 12 62 26 2 39 5 39 23 52 1 59 54 48 13 43 54 40 55 6 3 6 55 2 22 53 4 49 15 5 19 12 15 62 8 26 28 22 28 5 46 56 9 2 46 56 46 51 44 51 60 3 27 53 51 23 52 56 30 47 24 15 18 6 32 6 42 11 24 8 62 8 36 43 36 48 54 40 55 40 55 37 55 27 35 41 52 45 37 1 59 33 43
100 5 15 18 14 6 29 57 29 39 13 39 34 14 43 56 19 2 18 6 18 2 26 62 20 51 54 43 49 43 2 46 49 46 53 52 1 52 41 12 41 52 41 8 26 34 37 1 59 33 42 31 14 45 22 45 38 23 51 31 14 19 25 32 24 62 12 27 35 41 8 46 51 44 21 24 14 24 21 24 16 42 14 42 33 52 53 22 45 38 53 46 56 47 56 16 38 51 23 52 4
100 5 48 16 48 4 53 59 33 43 36 48 5 15 32 9 20 51 31 14 24 14 19 5 20 46 5 28 33 1 37 40 22 37 55 33 44 51 31 14 31 51 20 39 5 39 29 57 14 43 33 1 33 55 33 36 8 36 40 22 3 53 50 53 50 16 33 1 3 11 12 28 49 48 36 48 5 48 54 58 13 59 54 40 55 40 37 45 56 30 47 7 47 37 40 55 33 24 16 32 16
100 8 36 8 62 15 12 62 24 33 16 42 14 32 25 2 46 51 17 50 13 50 16 42 9 42 33 24 15 60 3 6 14 31 27 3 40 36 22 40 11 18 22 36 61 4 61 18 61 58 54 51 44 33 43 56 5 28 5 46 53 27 29 16 42 11 24 33 16 13 59 53 59 53 51 53 22 40 22 36 40 36 6 18 11 3 53 38 23 38 46 49 48 57 2 39 34 57 29 6 42
100 33 44 7 12 27 31 51 38 53 38 45 14 6 32 15 60 51 53 50 1 37 47 35 47 24 15 32 14 57 29 57 34 14 24 8 46 5 28 26 62 20 9 11 18 11 9 20 46 31 42 11 24 33 55 2 39 2 57 48 26 62 61 62 15 24 14 57 2 18 61 4 20 51 60 29 21 44 51 46 57 22 3 7 36 33 16 32 6 36 43 13 43 2 19 56 11 5 48 4 3
100 1 37 47 30 47 16 42 6 14 57 56 57 2 46 56 45 38 23 52 56 45 22 2 57 22 37 34 48 32 14 6 18 22 37 45 56 52 33 16 32 19 5 15 52 56 16 29 27 55 7 3 22 18 61 20 39 23 3 6 55 62 55 40 3 60 29 21 29 21 24 14 19 5 11 3 53 52 15 5 56 8 41 8 24 14 43 34 46 20 39 20 39 5 39 31 39 34 14 57 34
100 13 39 34 18 34 57 48 4 52 41 8 15 52 15 12 19 5 56 5 56 9 22 44 22 43 34 48 30 56 16 17 50 16 42 6 55 40 55 33 43 49 44 22 40 11 18 58 35 58 13 59 53 3 22 3 40 22 36 33 52 23 52 4 48 32 6 36 40 36 61 20 46 38 46 8 26 8 33 1 50 16 38 46 34 48 54 43 14 6 14 6 29 57 46 57 14 19 5 20 51
100 52 53 38 58 35 47 12 41 52 15 12 13 16 50 1 37 45 52 26 8 33 16 50 53 27 55 37 45 22 44 51 17 16 48 54 51 54 61 36 33 44 51 23 3 27 31 14 24 33 16 48 30 48 5 56 8 33 8 41 12 41 35 58 38 53 52 23 25 57 25 19 56 12 47 7 44 49 48 26 48 57 25 23 51 20 8 62 24 14 18 58 18 14 6 55 27 31 9 2 19
100 48 16 47 24 8 26 10 14 34 48 49 46 2 57 56 43 54 48 34 14 57 48 36 7 44 49 48 36 61 62 26 28 26 10 61 4 61 62 12 41 35 21 29 16 50 1 33 55 27 12 7 55 7 12 11 56 46 56 30 56 45 38 58 19 58 28 5 15 18 17 16 38 16 32 14 57 2 18 17 51 31 27 55 7 47 16 29 60 51 38 16 56 52 60 29 21 44 21 24 8
100 14 32 23 38 23 38 45 22 37 34 43 22 53 4 20 61 36 8 33 16 29 6 55 27 55 62 20 46 34 37 34 18 6 3 40 11 42 31 9 2 46 31 27 53 46 34 46 49 46 31 42 11 9 20 9 61 36 6 3 23 51 23 51 31 46 53 3 11 3 1 50 1 59 33 28 49 43 14 43 54 58 18 6 14 57 14 10 14 57 22 40 54 40 36 43 14 24 33 28 33
100 21 29 60 15 49 48 16 13 43 2 55 37 55 2 43 13 58 61 4 53 51 20 9 11 3 7 9 42 33 28 12 19 58 19 5 56 9 11 9 20 5 11 40 55 40 55 33 43 36 61 4 48 34 14 18 11 3 23 25 23 39 23 52 23 51 31 27 53 22 37 22 40 22 40 36 7 55 37 40 54 48 57 25 32 23 39 34 39 23 38 58 61 18 14 34 26 10 14 24 15
100 23 39 2 43 34 26 48 26 8 24 33 43 36 33 44 51 53 46 34 39 5 19 5 46 5 11 9 31 46 20 51 46 8 24 11 18 14 6 36 7 44 49 4 48 26 8 46 53 22 40 54 40 36 8 62 61 10 14 42 16 47 12 41 52 53 22 18 15 60 13 50 53 52 1 3 27 12 47 12 15 5 46 20 61 54 61 54 61 36 61 36 22 3 23 25 57 14 24 14 24
100 12 56 5 56 5 46 8 26 10 14 43 33 16 50 16 29 27 35 41 14 19 14 57 34 18 61 36 48 5 20 46 51 17 16 13 48 49 4 49 46 38 53 51 44 33 42 33 44 7 9 56 12 41 52 15 12 15 8 56 8 36 61 58 38 45 38 46 2 18 15 8 41 35 41 8 25 32 24 62 61 4 48 54 43 22 36 33 36 22 2 18 15 24 8 33 24 32 23 32 24
100 33 59 53 4 52 53 27 12 62 8 41 52 45 38 58 19 58 35 47 7 9 20 5 48 36 7 56 47 56 16 32 16 29 21 24 16 24 15 5 28 33 28 58 61 62 61 10 61 54 58 28 12 56 9 7 44 51 46 49 43 36 61 9 32 6 55 62 26 34 37 45 38 23 52 23 3 7 9 2 43 36 48 5 39 5 20 39 2 19 5 19 56 57 56 47 24 32 24 47 56
100 44 49 46 53 22 53 27 53 3 27 29 60 29 6 18 34 46 5 39 2 57 46 31 42 9 42 11 42 9 56 9 31 39 23 52 60 15 12 62 12 7 55 7 47 12 41 8 33 24 32 14 34 14 45 56 5 20 9 61 58 54 58 13 58 28 33 42 31 14 18 2 26 62 12 47 24 47 37 1 50 13 39 23 38 51 54 40 37 34 39 23 3 1 33 28 58 35 27 35 41
100 9 22 2 19 32 9 7 55 7 12 13 48 16 56 43 2 39 2 58 19 25 57 22 18 2 26 34 48 30 56 43 54 59 33 28 49 46 34 48 34 39 34 57 34 14 19 12 13 60 51 54 51 60 15 8 36 7 44 51 44 7 56 45 22 18 34 46 5 20 8 26 21 29 16 13 12 19 58 13 59 1 59 53 52 26 2 46 20 4 61 4 53 22 40 11 24 21 44 49 44
100 15 62 8 56 8 56 57 48 30 56 45 56 9 56 5 19 25 8 56 46 57 48 30 48 32 6 14 6 3 40 3 40 22 44 33 42 33 52 1 50 17 16 47 12 11 24 11 56 5 11 40 55 7 47 7 44 21 24 33 55 27 3 60 52 60 29 39 31 46 49 28 58 19 12 41 14 41 35 21 35 41 35 58 2 18 6 14 18 15 49 48 16 50 53 4 48 32 15 12 19
100 25 23 25 32 19 2 25 32 19 5 48 30 47 24 16 24 14 24 16 29 27 3 27 12 19 2 26 2 55 33 44 49 15 5 28 5 39 2 43 36 33 28 22 3 11 24 14 31 39 34 46 57 46 38 45 14 41 12 28 12 13 16 33 42 16 32 6 55 37 45 22 45 56 16 56 45 37 40 55 27 3 6 42 11 18 2 58 28 33 28 26 48 34 39 2 57 2 9 31 9
100 6 32 14 31 14 6 3 11 5 20 9 11 24 32 6 29 27 29 60 29 57 2 43 22 40 3 6 29 6 42 11 40 36 43 56 52 23 51 46 5 48 26 21 24 47 56 46 20 9 32 19 32 23 3 11 12 19 5 11 24 21 26 21 44 51 38 23 32 6 3 11 24 32 15 5 11 3 1 59 1 3 1 33 55 27 53 50 53 3 4 52 60 51 54 58 13 60 3 27 35
100 14 32 16 48 16 56 7 47 12 62 26 62 26 52 26 2 55 37 45 14 45 38 51 38 58 54 61 18 6 42 14 42 31 27 3 11 42 14 32 25 2 46 8 26 52 56 12 11 12 41 52 56 52 41 35 27 31 46 20 9 61 10 14 6 55 2 55 40 11 18 2 43 54 48 30 47 24 16 48 13 60 13 12 41 14 10 61 18 14 32 23 51 54 59 13 39 29 21 44 7
100 6 55 40 22 28 58 13 50 17 51 46 2 55 62 26 8 62 55 2 46 2 57 25 19 2 57 46 2 46 31 27 55 33 43 49 43 34 39 2 22 9 32 48 49 4 3 6 42 14 43 34 48 13 59 53 51 46 31 42 14 24 11 5 56 16 50 16 47 37 55 33 28 12 11 9 31 51 20 46 56 7 47 24 8 46 8 20 62 61 62 20 61 36 7 44 22 40 3 7 47
100 40 54 48 32 24 8 46 49 15 60 15 12 41 8 26 8 33 8 36 8 15 5 15 49 43 13 50 17 18 58 28 49 15 52 33 43 22 44 21 44 49 28 33 52 23 25 19 56 57 29 57 14 42 14 24 16 17 50 17 18 11 18 61 18 2 55 40 54 40 22 53 51 38 58 35 41 8 46 57 25 57 22 53 51 60 3 4 48 36 48 34 14 41 52 23 51 38 23 39 5
100 13 39 13 48 13 58 54 40 36 48 36 7 36 8 41 52 53 22 18 34 46 51 44 49 44 7 47 56 43 14 32 48 5 11 3 40 37 40 54 61 18 11 24 32 48 57 46 2 39 31 42 6 42 31 39 20 46 20 39 31 14 6 36 7 36 33 59 53 4 20 46 31 39 29 6 29 57 14 19 2 18 15 8 15 32 24 33 28 33 24 47 37 40 55 37 34 37 47 35 47
100 52 53 27 35 47 12 41 52 4 3 23 51 31 9 42 33 55 7 55 62 15 52 45 52 41 8 25 2 46 2 25 2 46 51 53 46 38 45 56 47 12 56 30 48 54 40 54 43 49 44 49 28 33 1 50 17 18 15 12 47 30 56 12 28 5 48 32 6 55 27 31 42 9 42 6 42 33 28 12 27 53 46 31 51 20 46 49 43 22 40 55 33 42 33 59 13 43 14 32 24
100 6 18 61 36 33 44 7 56 11 18 2 9 32 6 55 37 22 36 43 13 39 13 60 51 60 13 43 49 4 52 41 12 11 3 11 5 48 32 19 2 25 19 14 32 16 17 16 38 23 38 23 52 23 39 13 60 15 52 33 8 46 53 38 51 53 50 1 59 33 36 48 54 59 1 59 53 46 56 43 2 57 48 36 7 47 7 36 8 56 45 14 34 39 13 50 13 58 28 22 57
100 54 61 54 43 34 37 55 27 31 14 6 55 62 24 62 8 41 52 60 13 59 13 12 15 32 9 7 12 13 58 13 59 33 24 8 26 28 58 18 11 40 3 7 36 40 3 27 35 41 8 62 26 2 57 56 52 53 4 49 43 54 58 28 33 1 59 13 60 52 15 5 11 5 46 5 19 5 20 51 23 25 57 56 47 12 13 43 13 48 30 56 8 20 39 31 39 13 60 15 32
100 28 49 48 16 29 6 32 14 45 22 36 22 3 23 25 23 52 33 28 22 40 54 48 49 15 52 4 3 4 52 53 38 23 3 1 59 1 50 17 18 17 16 50 13 58 18 22 9 42 11 9 7 3 23 3 6 3 23 25 19 56 16 32 15 24 14 18 2 46 53 38 53 4 20 39 13 50 1 59 54 58 2 22 53 22 53 3 4 53 52 41 52 53 27 31 51 60 13 60 52
100 45 56 8 41 12 28 12 19 25 8 46 31 9 42 16 24 32 23 51 20 62 8 15 62 20 46 5 28 33 16 42 6 29 16 33 42 16 17 51 53 4 48 13 58 2 57 46 34 18 15 5 20 61 10 14 24 15 49 15 8 20 62 20 39 34 57 14 31 27 3 53 52 45 56 5 46 34 43 33 59 33 16 13 58 19 5 15 18 11 56 47 24 14 34 57 29 60 3 7 47
100 20 51 17 51 46 31 14 6 42 16 33 44 7 47 35 47 16 32 23 32 24 15 32 24 11 18 11 42 14 10 61 20 51 17 50 53 51 54 48 36 7 56 47 30 47 30 56 7 44 33 28 5 28 58 18 6 18 34 43 54 61 10 26 2 25 23 51 46 38 58 54 58 54 61 18 2 18 11 9 32 23 38 58 38 16 13 39 31 46 56 11 56 11 3 4 52 15 32 23 52
100 52 53 38 45 14 45 37 22 9 56 52 23 32 24 33 59 33 16 33 43 56 57 2 19 56 47 12 11 9 11 5 28 33 24 8 25 2 18 11 12 47 35 21 29 16 29 21 29 57 25 23 25 57 34 14 31 9 61 36 8 46 56 12 41 52 60 13 50 13 12 56 52 33 24 33 24 11 5 39 20 62 8 24 8 26 52 1 37 34 18 17 16 56 19 12 62 61 18 58 2
100 29 16 42 16 38 45 22 43 36 7 55 37 40 37 22 37 55 2 19 56 47 12 15 8 33 28 58 28 58 61 58 28 26 52 33 59 13 60 51 60 29 27 35 41 52 23 39 31 42 16 38 45 22 9 42 11 18 34 57 56 52 15 62 55 27 12 62 15 62 26 2 43 22 2 26 2 46 2 43 54 48 5 11 12 41 14 41 35 27 29 21 44 33 52 45 38 58 2 9 11
100 1 52 15 5 28 26 62 15 12 41 12 7 12 47 56 45 37 22 37 55 27 3 22 3 23 25 19 14 19 25 32 9 32 6 14 42 6 32 15 32 25 19 32 14 45 22 28 49 43 49 43 54 61 54 61 9 2 46 2 46 8 46 38 53 22 2 25 2 43 14 32 23 39 23 3 27 12 28 12 11 9 22 53 38 45 22 53 38 16 38 46 8 33 59 13 12 11 3 22 2
100 31 46 49 48 26 48 30 56 46 34 37 40 11 12 7 36 48 4 48 36 22 53 38 45 38 51 20 39 20 9 2 26 10 14 43 56 57 14 57 2 26 34 43 49 28 12 62 26 21 44 33 1 59 13 48 30 47 35 47 12 7 12 15 24 14 34 57 2 25 8 41 14 6 18 17 16 38 45 22 53 27 29 27 3 60 15 18 2 26 10 26 48 16 33 36 22 18 6 42 16
100 49 15 62 12 13 48 26 10 61 54 58 35 41 12 56 46 57 2 26 2 25 2 19 56 52 41 14 6 18 6 55 7 9 31 51 46 56 11 42 14 57 25 57 34 39 23 38 51 46 31 27 12 15 18 14 24 33 52 45 37 47 12 56 47 16 29 6 32 6 14 41 52 4 52 23 51 38 58 2 57 48 26 34 37 40 22 37 55 40 11 42 33 42 14 18 6 29 60 13 43
100 16 56 43 34 39 34 43 22 36 8 20 4 3 11 40 37 45 52 4 52 60 13 60 3 53 22 44 22 28 12 27 53 3 22 36 22 53 50 53 46 5 48 5 11 42 11 56 5 48 36 48 16 24 47 24 33 42 11 56 43 54 40 36 6 14 19 56 7 36 61 58 35 21 26 21 29 16 48 26 21 35 47 16 56 7 9 42 11 56 19 58 19 25 23 3 22 2 55 33 24
100 20 9 32 48 54 43 54 40 36 40 22 43 56 16 47 12 13 12 13 59 53 22 3 23 38 53 50 1 3 1 33 52 4 48 26 28 49 44 21 35 47 37 34 57 34 57 22 3 22 57 25 23 25 32 14 18 2 46 53 4 61 36 61 62 24 32 14 45 37 1 37 34 37 1 3 4 61 58 19 56 57 2 55 62 20 39 13 12 28 33 42 6 32 24 62 20 8 56 52 41
100 4 61 62 55 6 55 2 39 31 39 23 38 45 56 12 56 30 47 24 15 12 28 58 19 5 56 11 3 1 3 40 37 40 55 2 58 2 19 32 15 49 43 49 15 32 24 21 35 47 7 9 56 5 19 2 26 10 26 2 46 53 22 9 56 46 38 53 52 33 59 1 37 40 3 40 54 51 17 50 13 48 13 48 36 6 32 16 42 6 32 15 60 52 23 32 6 29 60 51 31
100 1 33 1 33 16 56 16 47 37 47 7 12 27 53 46 34 26 8 62 8 26 21 44 33 52 26 34 26 48 34 18 14 42 33 52 4 52 41 52 26 62 20 9 56 11 18 58 18 6 18 58 13 16 29 6 42 6 55 33 1 50 1 59 53 50 53 46 53 4 53 59 53 52 60 29 57 56 47 7 12 47 56 9 31 9 42 31 14 24 62 20 51 60 3 4 53 59 33 8 41
100 17 18 14 10 61 62 12 56 57 29 57 22 43 54 51 44 51 54 59 13 12 19 25 8 25 8 15 8 25 19 14 41 12 47 35 21 26 10 26 21 24 15 24 47 16 33 24 21 35 41 12 13 60 3 27 12 19 14 18 15 12 27 12 15 24 21 24 16 32 16 33 59 53 46 8 15 32 25 19 32 14 24 62 24 62 55 6 55 6 42 31 46 8 56 45 14 41 12 28 58
100 35 47 37 22 36 40 11 56 57 29 27 53 59 54 61 18 17 51 20 5 15 62 8 24 62 15 5 46 2 57 2 9 2 43 34 39 29 27 53 59 54 51 54 58 61 4 52 60 13 12 47 16 48 57 48 26 2 57 29 57 56 45 56 8 46 51 46 49 43 14 34 37 55 37 45 37 34 48 49 46 8 36 40 22 3 53 27 31 14 42 11 40 11 12 47 16 13 43 36 43
100 23 52 60 51 44 21 26 48 34 18 34 39 34 37 22 18 11 12 7 36 6 55 37 22 53 38 16 33 1 59 33 59 53 52 15 5 39 20 61 58 38 16 17 16 33 59 13 39 23 52 45 56 5 48 30 56 16 42 14 34 46 51 46 38 46 53 46 8 20 9 2 19 58 2 22 45 56 12 28 5 56 9 20 46 34 39 29 21 26 21 24 47 12 15 49 48 54 51 17 16
100 43 54 59 13 16 17 16 48 26 48 5 48 32 6 29 21 35 21 26 52 56 30 48 4 52 45 56 46 38 23 3 23 38 58 19 12 27 3 11 42 14 57 29 16 29 6 42 31 42 31 27 53 52 4 49 28 26 2 58 28 33 8 24 33 16 38 23 51 46 31 51 60 51 44 51 53 22 53 27 35 27 29 16 17 50 16 38 53 4 61 20 46 51 17 51 60 13 48 13 60
100 27 29 6 42 11 12 11 24 11 9 56 30 47 16 32 6 18 14 24 8 46 31 14 57 22 36 8 33 24 11 40 54 43 33 28 26 28 49 43 54 51 20 51 17 51 53 27 3 7 3 22 40 54 48 26 62 20 8 20 4 48 32 48 36 48 34 37 22 53 46 57 48 57 25 23 51 38 23 38 51 44 33 16 17 51 17 16 33 43 13 16 29 6 55 27 31 51 46 57 48
100 12 62 61 62 15 52 41 12 62 26 2 55 7 9 20 5 56 8 33 59 54 58 2 39 34 14 6 32 19 58 54 48 13 39 29 27 31 9 32 23 3 7 55 6 18 61 10 61 20 51 23 38 53 50 13 50 16 24 15 24 14 19 56 12 62 8 46 57 14 10 26 2 25 32 25 32 16 24 62 12 19 5 19 5 28 5 19 2 18 6 36 6 3 40 37 55 2 57 22 36
100 9 20 61 9 20 39 34 14 32 24 47 16 56 57 25 8 62 20 4 48 30 47 35 58 13 48 34 14 57 48 32 25 57 25 19 58 38 46 5 11 56 19 2 55 7 55 62 61 36 7 55 6 55 40 55 27 53 38 53 52 15 62 15 18 58 61 18 14 18 58 61 9 20 5 46 20 46 49 4 52 41 14 31 27 55 27 31 46 51 23 52 41 52 15 24 32 25 8 36 7
100 44 51 17 51 46 20 46 2 25 2 43 34 46 5 46 56 16 32 23 51 60 13 50 17 51 53 46 31 27 53 46 2 43 56 45 14 34 48 34 37 22 28 12 13 43 56 19 32 19 2 18 61 9 56 7 55 6 55 40 3 60 52 1 3 40 54 51 31 51 31 42 33 52 26 10 14 6 29 21 44 33 44 22 40 55 2 57 56 45 56 12 13 59 54 51 20 39 20 62 55
100 52 53 38 53 59 1 3 1 33 42 14 31 51 23 32 23 38 45 56 43 49 15 62 26 34 26 34 18 6 3 4 48 30 47 12 47 37 47 16 17 16 42 6 14 57 46 31 9 32 9 2 9 22 9 20 46 51 31 51 53 46 2 9 31 51 38 16 56 8 24 21 44 22 45 56 16 42 31 14 6 55 2 9 11 56 45 14 41 8 36 6 14 31 14 18 58 28 26 34 48
100 31 39 34 48 57 29 6 55 33 1 3 22 45 22 53 4 49 44 7 56 57 22 53 59 33 59 33 8 62 20 9 42 16 17 18 6 55 37 22 37 47 12 62 12 62 61 62 8 36 7 12 62 24 16 33 24 15 49 4 49 15 12 47 7 44 7 36 40 11 9 32 25 23 3 60 3 6 32 15 5 39 31 27 29 60 13 59 54 51 54 61 20 62 24 8 36 33 52 41 12
100 37 47 30 48 36 61 58 18 22 28 58 19 56 46 38 16 17 51 60 51 38 16 38 45 38 51 46 57 34 46 34 18 2 43 13 60 15 32 15 32 6 42 9 20 5 56 30 47 12 41 8 24 16 17 16 29 6 3 40 54 40 22 2 57 46 53 38 53 3 22 18 34 37 1 52 1 59 33 28 12 27 55 37 22 3 11 5 11 18 22 18 58 61 36 6 42 33 42 11 40
100 54 59 53 3 53 59 54 48 16 47 35 58 61 36 40 3 4 20 46 20 62 12 56 46 2 18 15 52 53 52 26 62 24 33 24 21 29 39 23 25 57 25 32 15 49 44 7 55 2 58 18 22 18 34 39 2 26 28 33 52 45 52 53 4 61 36 6 14 41 52 15 49 43 33 8 46 2 9 32 24 16 32 48 34 18 58 18 15 12 41 8 46 31 46 34 48 16 38 53 4
100 4 61 20 8 25 19 12 7 12 28 26 2 46 2 39 29 39 20 8 25 2 55 33 36 61 9 2 18 17 16 29 39 5 19 5 56 5 48 4 3 6 3 23 51 46 8 41 12 56 9 56 45 56 46 2 39 13 59 54 40 11 3 23 51 46 34 14 24 14 34 46 38 58 35 27 55 62 20 62 8 56 45 37 55 40 22 45 56 9 2 25 8 33 59 53 4 61 20 8 15
100 21 24 11 56 9 32 23 3 22 28 58 54 61 4 53 38 58 61 10 14 6 3 60 13 16 33 55 33 8 25 57 48 4 20 61 4 20 62 20 39 31 51 44 51 31 51 31 42 6 32 25 19 5 19 14 45 22 53 38 16 38 51 53 38 46 20 61 62 12 62 24 11 42 14 57 22 43 22 45 56 12 47 12 19 58 18 34 26 28 22 53 51 23 39 34 18 14 10 26 21
100 26 48 16 32 9 11 42 9 20 51 23 32 6 18 58 38 58 28 33 59 54 43 54 48 36 7 3 27 29 57 22 45 38 58 35 27 12 13 58 54 51 31 51 20 5 28 26 8 56 47 30 56 12 47 12 41 35 58 54 59 53 52 53 4 48 4 61 18 15 52 4 52 1 37 47 12 7 3 27 55 62 20 46 51 60 29 21 44 7 9 7 9 20 5 11 40 55 6 42 33
100 22 43 2 26 28 5 11 56 47 12 15 8 33 16 48 36 8 26 48 36 48 57 34 18 11 5 11 3 23 52 45 56 11 40 55 6 36 33 28 26 8 46 49 48 26 28 26 28 33 8 36 61 10 26 48 34 26 10 14 42 11 9 61 4 53 46 20 61 62 12 13 59 53 38 23 25 57 46 49 4 52 15 52 4 49 28 49 44 51 46 56 57 25 57 34 43 14 43 34 14
100 48 13 58 61 9 56 52 23 51 44 21 29 57 46 57 22 37 1 37 47 24 32 48 54 61 4 48 26 52 1 37 34 57 2 55 40 54 43 33 8 20 51 60 52 15 8 41 8 56 19 14 31 9 56 30 48 5 39 2 19 2 57 29 16 42 33 28 26 10 26 10 26 34 48 49 43 2 55 37 34 18 22 44 33 43 33 44 33 28 26 48 30 48 26 62 15 49 44 7 44
100 8 41 12 11 12 11 5 56 11 40 37 55 40 36 22 28 5 56 5 28 58 61 18 2 9 11 42 11 9 7 56 30 56 5 39 34 26 48 30 47 37 55 6 42 31 39 5 48 26 48 26 52 15 62 20 61 10 26 34 37 34 57 25 23 39 34 48 49 48 32 24 14 6 55 40 55 7 44 21 29 16 50 17 50 53 4 52 1 3 22 9 22 45 56 30 48 32 48 34 37
100 52 53 3 23 25 32 25 19 25 8 24 47 16 42 6 14 45 52 45 52 56 19 25 32 9 2 58 18 34 43 36 40 37 22 40 11 9 31 39 2 25 32 6 42 16 38 23 38 45 14 32 25 23 38 51 54 43 49 48 36 33 59 53 52 53 27 35 47 35 21 24 11 12 62 26 34 18 17 18 34 57 25 23 51 54 58 13 43 14 43 54 59 54 58 2 43 33 55 33 36
100 30 47 24 33 24 33 44 51 31 46 2 26 10 61 9 61 36 6 14 42 14 6 55 62 15 32 23 39 5 15 18 6 42 9 2 55 27 31 39 2 9 56 7 3 23 52 41 35 58 28 12 15 18 58 19 2 18 58 19 58 38 16 29 57 22 2 57 14 57 22 53 46 2 58 2 26 21 35 41 8 24 16 13 16 17 18 2 19 58 61 58 38 51 53 27 53 27 29 60 13
100 14 41 14 6 32 23 38 58 35 21 24 15 32 9 42 16 17 51 17 50 1 37 55 27 12 56 8 26 52 33 8 62 61 4 49 4 52 26 8 46 53 51 20 9 22 28 5 48 5 28 12 15 62 24 32 23 25 23 39 20 51 17 51 44 21 26 62 12 15 52 60 29 6 14 31 39 13 58 18 15 52 60 13 59 53 51 54 40 11 3 11 40 37 45 22 45 38 23 3 60
100 12 41 12 47 30 48 26 28 26 34 18 14 6 14 10 61 36 8 41 35 27 29 57 56 52 45 22 53 51 54 58 13 58 35 41 8 33 59 13 39 34 39 34 48 32 24 21 24 11 40 11 12 27 53 3 22 44 22 53 51 31 27 12 28 22 28 26 2 25 57 14 43 56 5 48 5 28 22 3 40 37 55 27 12 15 12 15 52 4 3 4 61 20 46 38 51 31 14 43 2
100 2 18 11 24 11 18 2 39 34 46 34 43 36 7 47 24 8 36 6 14 10 14 42 33 42 9 61 18 6 42 31 42 11 3 27 12 15 24 32 25 57 25 23 39 31 42 33 55 40 11 40 36 6 55 62 26 21 26 52 60 51 46 57 56 12 47 12 15 12 7 9 56 45 14 19 12 41 12 27 53 50 16 13 60 51 31 27 31 14 10 26 34 46 51 23 3 7 55 2 25
100 5 56 43 14 32 14 24 21 44 21 44 51 23 39 2 26 21 29 6 55 40 55 2 25 23 38 58 2 58 2 39 29 6 29 21 26 28 58 35 41 35 58 19 58 13 12 47 12 47 56 43 34 37 1 37 22 40 37 45 14 6 36 61 20 61 4 53 52 4 3 23 52 1 33 42 9 20 51 53 51 53 50 17 18 15 52 15 24 47 35 21 29 39 31 9 20 9 20 4 20
100 46 56 5 15 62 26 8 36 33 36 43 2 22 28 58 28 22 9 61 4 52 41 52 4 3 23 3 23 32 23 39 34 14 19 56 11 24 16 50 53 46 34 37 45 52 45 14 32 48 36 61 36 43 49 15 8 46 31 46 51 44 7 56 57 46 38 45 52 60 52 41 8 56 11 42 33 16 56 52 45 22 37 1 52 45 14 34 26 34 37 1 37 34 26 10 26 62 15 8 41
100 50 13 59 54 61 36 8 24 14 18 61 10 14 34 37 22 9 61 62 61 18 14 45 56 47 30 56 19 58 2 55 6 42 11 18 15 62 24 15 12 62 55 40 55 62 8 24 15 8 20 62 20 9 56 19 12 41 52 45 22 36 7 56 11 40 22 3 6 42 14 57 2 19 2 39 31 42 31 51 54 61 9 56 7 9 56 47 30 56 11 9 11 12 62 8 20 8 46 2 18
100 3 22 57 56 57 48 30 48 5 56 5 48 13 50 53 4 3 22 57 48 32 19 56 8 41 12 15 24 47 7 3 1 59 1 37 34 46 49 46 38 53 3 27 29 21 29 6 3 11 12 28 22 45 38 23 39 5 15 49 48 30 48 34 18 61 62 26 62 20 5 11 24 32 16 47 16 42 6 14 31 14 18 2 26 48 34 39 2 19 2 26 2 19 32 15 8 33 16 42 16
100 14 45 37 55 6 3 4 52 56 16 42 33 42 11 42 11 5 56 19 2 22 40 3 22 57 48 13 58 35 27 29 57 46 2 26 28 58 54 40 37 55 62 12 15 32 15 32 25 23 52 56 43 14 43 14 24 14 32 23 32 48 34 57 48 57 46 38 45 56 52 45 14 41 14 41 8 41 14 34 43 33 55 40 22 18 34 26 52 56 45 22 2 9 22 45 56 57 22 40 11
100 19 25 23 32 23 52 15 18 58 19 32 48 5 19 56 43 33 16 38 16 42 16 24 15 62 15 24 14 32 48 49 43 22 45 22 43 14 57 34 26 48 26 62 20 4 20 39 13 59 53 3 7 3 6 42 9 61 9 2 43 56 8 33 24 32 19 14 45 37 45 52 4 49 4 48 4 3 53 38 51 53 3 53 4 61 4 52 33 55 2 58 18 2 9 56 45 38 46 51 31
