48 47
10 11
22 23
42 43
5 6
28 29
36 37
8 9
15 16
40 41
18 19
30 31
34 35
46 47
31 32
1 2
16 17
32 33
6 7
12 13
20 21
44 45
25 26
3 4
27 28
35 36
39 40
47 48
4 5
29 30
37 38
9 10
41 42
2 3
14 15
11 12
19 20
23 24
43 44
17 18
33 34
26 27
38 39
13 14
21 22
45 46
24 25
7 8
14
12 18 19 20 21 22 21 22 21 22 23 24 25
13 14 26 25 26 27 26 25 26 27 26 25 24 25
16 18 19 18 17 18 19 18 19 18 17 18 19 18 19 20 21
17 39 40 41 42 41 42 43 42 43 44 43 42 41 42 43 44 43
12 39 40 41 40 39 38 37 38 37 38 39 38
15 42 43 42 43 44 43 44 43 44 43 44 45 46 45 46
17 18 19 18 17 18 19 18 17 18 17 18 19 18 17 16 17 18
16 30 31 30 31 30 29 28 27 28 27 28 27 28 29 28 29
14 23 24 25 26 27 28 29 28 29 28 29 30 31 32
17 44 45 46 45 46 45 44 43 42 41 40 41 42 43 44 43 42
15 12 13 14 13 12 13 12 13 12 13 12 13 14 13 12
14 44 45 46 47 48 47 46 47 46 47 48 47 48 47
18 38 39 38 37 38 39 38 37 36 35 36 37 36 35 36 37 38 39
17 28 48 47 46 47 48 47 48 47 48 47 46 45 46 45 46 47
