39 38
10 11
22 23
5 6
28 29
36 37
8 9
15 16
18 19
30 31
34 35
31 32
1 2
16 17
32 33
6 7
12 13
20 21
25 26
3 4
27 28
35 36
4 5
29 30
37 38
9 10
2 3
14 15
11 12
19 20
23 24
17 18
33 34
26 27
38 39
13 14
21 22
24 25
7 8
68
16 8 9 10 9 8 7 6 7 8 9 10 9 8 7 8 7
12 34 33 32 31 30 31 30 31 32 33 34 33
12 34 35 34 33 32 31 32 33 32 33 32 33
11 19 32 33 34 35 34 33 34 33 32 31
14 2 3 2 3 4 5 4 5 6 7 6 5 4 3
14 34 35 34 35 34 35 36 37 36 37 36 35 34 35
19 34 35 34 35 34 33 32 33 32 33 34 35 34 33 32 33 32 31 32
13 9 18 19 18 19 18 19 18 17 18 17 18 17
16 27 33 34 33 34 33 32 31 32 33 34 33 32 31 30 29
18 19 32 31 32 31 32 33 32 31 30 29 28 27 28 27 26 27 26
12 11 12 11 12 11 10 11 10 11 12 13 12
12 32 33 34 35 34 33 32 31 30 31 30 29
14 11 14 13 12 13 12 13 12 11 12 13 12 11 12
12 38 39 38 39 38 37 36 37 38 39 38 37
10 35 34 33 32 31 30 31 32 33 34
10 25 26 27 26 25 26 27 26 27 28
11 7 8 7 6 5 4 5 6 7 6 5
18 33 34 35 36 37 36 35 34 33 32 31 32 31 30 31 32 31 30
10 22 23 22 21 22 21 20 19 20 21
16 24 25 26 27 26 25 26 27 28 27 26 25 24 23 22 21
13 4 5 4 3 2 1 2 3 2 3 2 1 2
15 34 35 34 35 34 35 34 35 34 35 36 37 36 35 36
15 16 38 37 36 35 34 35 34 33 32 31 30 31 32 33
13 36 37 36 35 34 35 34 33 32 31 32 31 32
15 28 29 28 29 30 31 32 33 34 35 34 35 36 37 38
20 5 6 7 6 7 6 7 6 5 6 5 4 5 4 5 6 5 4 5 6
11 29 30 31 32 31 30 29 30 29 30 31
14 24 25 24 25 26 25 24 25 24 25 24 23 24 23
17 14 16 15 16 15 14 15 14 13 12 11 10 11 10 11 10 9
14 33 32 33 34 35 36 37 36 37 38 39 38 39 38
13 22 34 35 34 35 36 37 36 35 36 35 34 35
18 36 37 36 37 36 35 34 33 32 31 30 29 30 29 28 29 30 31
14 22 34 33 34 33 34 35 36 37 36 37 38 37 36
20 15 29 28 27 28 27 26 25 24 23 24 25 24 23 24 25 24 23 24 23
13 10 11 12 11 10 9 8 7 6 5 4 5 4
11 18 19 20 19 20 21 20 21 20 19 18
13 29 30 31 32 31 30 29 28 27 28 29 28 27
20 15 16 15 14 15 16 15 14 15 14 15 14 15 16 15 14 15 16 17 16
19 25 26 25 24 23 22 21 20 21 20 19 18 19 18 19 18 17 16 15
20 4 5 6 7 8 7 6 7 6 5 6 5 6 5 4 5 6 5 6 5
16 5 6 7 8 9 8 9 8 7 8 9 8 9 8 7 8
10 29 30 31 30 31 32 33 32 33 34
19 4 24 23 22 23 24 23 24 25 26 27 26 25 26 25 24 23 24 23
14 9 18 19 20 21 22 23 24 23 22 21 20 21 22
10 4 5 4 3 4 3 2 3 4 5
16 6 7 6 7 8 9 8 7 6 7 8 9 8 9 8 9
13 16 35 36 35 34 33 34 33 34 35 36 35 36
10 16 17 16 15 14 13 14 15 16 17
18 27 33 34 35 34 33 34 35 36 35 34 33 34 35 36 35 36 35
19 20 21 20 21 22 21 22 23 22 21 20 21 20 19 18 17 16 17 16
12 4 21 20 19 18 17 18 19 18 17 18 17
14 2 3 2 1 2 1 2 3 2 1 2 3 2 3
19 14 15 14 13 12 13 12 13 14 13 14 13 14 13 12 13 12 11 12
16 5 4 5 4 3 2 3 4 5 6 5 4 3 4 5 6
17 32 33 32 31 30 29 30 29 30 31 32 33 32 31 32 33 32
15 9 22 21 20 19 20 19 20 19 18 19 18 17 18 17
13 33 34 33 34 33 34 33 34 35 34 35 34 35
10 9 22 21 20 21 20 19 18 19 20
20 8 9 10 11 12 11 10 9 10 11 12 11 12 13 14 13 14 15 16 17
11 30 31 30 31 30 29 28 27 26 25 24
15 20 21 22 23 24 25 26 25 26 27 26 25 24 25 24
19 29 30 29 30 29 30 31 32 33 32 31 32 33 32 33 34 33 32 33
16 4 21 22 21 20 19 18 19 20 21 20 21 22 21 22 23
16 27 33 34 33 32 33 32 31 30 31 30 31 32 33 34 35
12 37 38 37 36 35 34 35 36 37 36 37 38
20 29 30 31 30 29 28 27 26 25 24 23 22 23 22 23 22 23 24 23 24
12 35 39 38 37 38 37 38 39 38 37 38 37
13 28 29 30 29 28 29 28 27 28 27 28 27 28
