99 98
54 55
86 87
92 93
40 41
72 73
18 19
34 35
94 95
80 81
96 97
6 7
44 45
52 53
76 77
84 85
25 26
27 28
35 36
4 5
29 30
37 38
14 15
55 56
17 18
33 34
15 16
67 68
7 8
22 23
69 70
8 9
65 66
58 59
12 13
20 21
73 74
50 51
66 67
75 76
23 24
83 84
38 39
90 91
77 78
85 86
24 25
57 58
59 60
42 43
74 75
28 29
36 37
61 62
30 31
46 47
82 83
98 99
95 96
16 17
32 33
49 50
39 40
47 48
41 42
2 3
43 44
51 52
45 46
53 54
79 80
3 4
71 72
10 11
5 6
31 32
63 64
1 2
70 71
56 57
89 90
91 92
60 61
68 69
93 94
9 10
62 63
78 79
11 12
19 20
87 88
48 49
64 65
81 82
97 98
26 27
13 14
21 22
88 89
62
10 70 69 68 67 68 69 68 69 70 71
11 32 97 98 97 96 97 98 97 96 95 94
14 18 31 30 31 32 33 34 35 34 33 32 33 34 35
17 68 67 66 67 68 67 66 65 64 63 64 65 64 63 64 63 62
17 18 31 32 31 30 31 30 31 32 31 30 29 30 29 28 29 30
13 70 71 70 71 72 71 70 69 68 67 66 67 66
17 70 71 72 71 72 71 70 71 72 73 72 71 70 69 68 69 68
11 10 11 10 9 8 7 6 5 4 3 4
19 39 38 37 38 37 36 37 38 37 36 37 38 37 36 35 34 33 34 33
11 82 83 82 81 82 81 80 81 82 83 84
16 33 34 35 34 33 34 35 36 35 34 33 32 31 32 31 30
12 90 91 92 93 92 93 92 93 94 95 96 97
15 33 34 33 32 33 32 33 34 33 34 33 32 31 30 29
12 75 76 75 74 75 74 75 76 75 74 73 72
18 86 87 88 87 86 87 88 89 90 89 90 89 88 89 88 87 86 85
13 70 84 85 86 85 86 87 86 85 86 85 86 85
13 42 43 42 43 44 45 44 45 44 43 44 45 46
12 18 19 20 21 22 21 22 21 22 23 24 23
10 66 67 66 65 64 65 66 65 66 65
13 95 96 95 94 93 92 93 94 95 94 93 94 95
15 75 87 86 87 88 89 90 89 90 91 90 89 90 89 88
15 42 43 42 41 40 39 38 37 36 37 36 35 36 37 36
18 97 98 97 98 97 98 97 96 97 96 97 98 99 98 99 98 99 98
16 20 21 22 23 22 21 20 19 20 19 18 19 18 17 18 17
20 67 68 67 68 67 66 65 66 67 68 67 68 67 68 69 70 71 72 73 72
10 81 82 81 80 79 80 79 80 79 80
13 66 67 66 65 66 67 68 67 66 65 64 65 64
14 13 98 99 98 97 98 97 98 99 98 97 98 99 98
15 80 81 80 79 78 79 80 81 82 83 82 81 82 83 82
10 90 91 90 89 88 87 88 87 88 89
15 60 61 62 63 62 61 60 61 60 59 60 59 58 57 58
17 93 94 93 92 93 94 93 94 95 96 95 94 95 94 95 96 95
11 81 82 83 82 83 84 83 84 83 84 85
18 32 33 34 33 32 31 32 33 32 31 32 31 30 31 32 31 30 31
18 43 44 45 46 45 44 45 44 43 42 41 42 43 44 43 42 43 44
16 78 79 78 77 76 75 74 73 74 73 72 73 74 73 74 73
18 59 60 59 58 57 58 57 56 57 58 57 56 57 58 57 58 59 60
12 3 2 1 2 3 4 3 4 5 4 5 6
20 32 33 32 31 30 31 30 29 30 29 28 29 30 31 30 31 30 31 32 31
13 82 37 38 39 40 41 42 41 42 41 42 43 42
12 78 77 78 77 78 77 78 79 80 81 82 83
13 17 60 61 62 63 62 61 62 63 62 61 60 59
19 60 84 85 86 85 84 85 86 85 84 83 82 83 82 83 82 83 82 81
18 7 8 7 6 5 4 5 4 5 4 5 6 5 6 5 4 3 4
11 79 80 81 82 83 82 83 82 83 84 83
18 91 92 91 92 91 90 89 88 89 88 89 88 89 90 91 90 91 90
12 33 34 33 32 33 32 31 32 33 32 33 32
14 69 70 69 68 67 66 65 64 65 66 67 68 67 68
12 26 27 26 25 26 27 26 27 26 25 24 25
20 16 17 16 15 14 13 12 13 14 15 14 13 12 13 14 15 16 15 16 17
17 42 43 44 45 44 43 42 41 42 43 42 41 42 43 42 43 44
10 86 87 86 87 88 87 88 87 86 85
17 11 12 13 14 15 16 17 18 19 20 21 22 21 22 23 24 23
12 25 26 25 24 25 26 27 26 25 26 27 28
14 12 11 10 11 12 13 12 13 12 13 12 11 12 11
13 41 42 41 42 41 42 41 40 41 42 43 44 45
20 77 78 79 78 77 76 77 78 79 80 81 80 81 82 83 84 85 84 85 84
15 14 45 44 43 44 43 42 41 42 41 42 43 42 43 44
18 38 39 40 41 42 43 44 45 44 45 44 43 44 45 44 45 46 47
15 27 28 29 30 29 30 29 28 27 28 29 28 29 28 29
16 30 29 30 29 30 31 30 31 30 29 30 31 32 31 32 31
18 29 30 29 30 31 30 29 28 27 26 25 26 27 28 29 28 27 28
