92 91
54 55
86 87
40 41
72 73
18 19
34 35
80 81
6 7
44 45
52 53
76 77
84 85
25 26
27 28
35 36
4 5
29 30
37 38
14 15
55 56
17 18
33 34
15 16
67 68
7 8
22 23
69 70
8 9
65 66
58 59
12 13
20 21
73 74
50 51
66 67
75 76
23 24
83 84
38 39
90 91
77 78
85 86
24 25
57 58
59 60
42 43
74 75
28 29
36 37
61 62
30 31
46 47
82 83
16 17
32 33
49 50
39 40
47 48
41 42
2 3
43 44
51 52
45 46
53 54
79 80
3 4
71 72
10 11
5 6
31 32
63 64
1 2
70 71
56 57
89 90
91 92
60 61
68 69
9 10
62 63
78 79
11 12
19 20
87 88
48 49
64 65
81 82
26 27
13 14
21 22
88 89
100
100 55 56 57 58 57 56 55 56 57 58 57 58 57 56 57 56 55 56 57 58 59 58 59 58 59 60 59 58 57 58 57 58 59 58 59 58 57 56 55 56 57 56 55 54 55 54 53 52 51 50 51 50 49 48 49 48 49 48 47 46 47 48 47 46 45 46 47 48 49 50 51 52 51 50 51 52 51 50 49 50 51 50 49 48 47 46 45 46 45 44 43 44 45 44 43 42 41 42 41 40
100 10 11 12 13 12 13 12 11 10 9 10 9 8 9 8 9 10 9 8 7 6 7 8 7 6 7 8 7 8 9 10 11 10 11 10 11 12 13 14 13 14 15 14 13 12 11 10 11 12 11 10 11 12 13 14 15 16 15 14 13 12 11 12 13 12 13 12 11 10 11 12 13 14 13 12 11 12 11 10 11 10 9 10 11 12 11 12 13 12 11 12 13 14 15 14 13 14 13 14 15
100 80 81 80 79 78 77 76 77 78 77 76 77 78 77 76 77 78 77 78 79 80 79 80 81 80 79 80 79 80 81 80 81 80 79 78 77 76 77 78 77 78 79 80 79 78 79 78 77 76 77 78 77 76 77 76 75 76 77 76 77 78 79 80 79 80 81 80 81 80 79 78 79 80 79 80 81 82 81 80 79 78 77 76 77 76 77 78 77 76 75 74 73 72 71 70 69 70 69 70 69
100 6 7 8 9 10 11 10 9 10 11 12 11 12 11 10 9 10 9 10 9 10 11 12 13 14 13 12 13 14 15 14 15 16 17 18 19 20 21 22 21 20 21 20 19 18 19 18 19 20 19 20 19 18 17 18 19 20 19 18 17 16 15 16 17 18 17 16 15 14 13 12 11 10 9 8 7 6 5 4 3 4 3 2 1 2 3 2 1 2 3 4 3 2 3 4 5 6 7 8 7
100 15 16 17 16 17 18 17 18 17 16 17 16 15 16 17 18 19 18 19 18 19 18 17 16 17 16 15 14 15 16 17 18 17 18 19 20 19 18 17 16 17 16 17 16 15 16 17 18 17 16 17 16 17 16 17 16 15 14 13 14 13 12 11 10 9 8 9 10 9 10 9 8 9 8 9 10 11 10 11 10 9 8 7 8 7 6 7 8 7 6 7 8 7 8 9 10 9 8 7 8
100 44 45 44 43 42 41 42 43 42 41 40 39 40 39 38 37 36 35 34 35 36 37 38 39 38 39 38 39 38 37 38 39 40 41 40 41 42 43 42 43 42 41 42 43 44 45 44 43 44 45 46 45 44 45 46 47 46 47 46 47 48 49 48 49 48 49 48 49 48 49 48 47 46 45 44 45 44 45 46 47 46 45 44 43 44 43 44 43 44 45 46 47 48 49 48 47 46 47 46 47
100 3 64 63 62 61 62 61 60 59 60 59 60 61 62 63 62 63 62 61 60 61 62 61 62 63 64 65 66 65 64 65 66 67 68 67 66 65 66 65 66 65 64 63 62 61 60 61 62 61 62 61 62 63 64 65 66 67 68 67 68 69 70 71 70 71 70 69 68 67 66 65 64 65 64 65 64 65 66 67 66 67 66 67 68 67 68 69 70 71 70 69 70 69 68 67 66 67 68 67 66
100 24 25 24 23 22 23 24 25 26 25 24 25 26 25 24 23 22 21 22 21 20 21 22 23 24 25 26 25 24 23 24 23 24 23 22 23 24 23 24 23 24 23 24 23 22 23 22 21 20 19 18 19 20 21 22 21 22 23 22 21 22 23 24 23 24 23 24 23 22 23 24 23 22 23 22 23 22 21 20 19 20 21 22 21 20 19 18 19 20 21 22 21 20 19 20 19 20 21 22 23
100 77 78 79 80 81 80 79 78 77 78 77 78 77 76 77 78 79 80 79 78 77 78 77 78 79 80 79 78 79 80 81 82 81 82 81 80 81 82 83 82 83 84 85 84 85 86 85 86 87 88 87 88 87 88 87 86 87 88 89 88 87 88 89 88 87 86 85 84 83 84 83 84 85 86 85 86 85 86 85 86 85 84 85 84 83 82 83 84 85 84 85 84 83 82 83 84 83 82 83 82
100 87 88 87 86 85 86 87 86 85 84 85 86 87 88 87 88 87 88 87 88 89 88 89 90 89 88 89 88 87 86 85 84 83 84 83 82 81 82 83 84 85 86 85 84 85 84 83 82 81 82 81 82 81 80 81 80 81 82 83 82 83 84 83 82 83 84 83 84 83 84 85 86 87 86 87 86 85 84 83 82 83 82 81 80 81 80 81 82 81 82 81 80 81 80 79 80 81 80 79 78
100 12 13 12 11 12 11 10 9 8 7 8 7 8 7 8 7 6 5 6 5 6 7 8 9 8 7 6 5 4 5 6 5 4 5 4 5 4 3 4 5 4 5 6 5 6 5 4 5 4 3 4 3 2 3 2 1 2 3 4 5 4 3 2 3 4 5 6 5 6 5 6 7 6 5 4 3 4 5 4 5 4 3 4 5 4 3 2 3 4 5 4 3 2 3 2 3 4 3 2 1
100 41 23 22 23 22 21 20 21 20 21 22 23 22 23 24 23 22 21 20 21 22 21 20 21 22 21 22 21 22 23 22 21 22 21 20 19 20 19 18 19 18 17 18 17 18 17 16 17 16 15 14 15 14 15 16 15 16 17 18 19 20 19 18 17 18 17 16 17 18 19 20 21 20 21 22 21 22 23 22 23 22 23 22 21 20 19 20 21 22 21 22 23 24 25 26 27 26 25 24 25
100 42 41 42 41 40 39 40 41 40 39 38 39 40 41 40 41 40 39 40 41 40 41 40 39 38 39 38 39 38 39 40 39 38 37 36 37 38 37 38 39 38 37 38 39 40 41 40 41 42 43 44 43 42 43 42 41 42 41 42 43 42 41 42 41 42 41 40 39 38 39 40 41 40 41 40 41 40 41 40 41 40 39 38 39 40 39 38 39 40 41 42 43 42 43 44 43 42 41 42 43
100 76 77 78 77 76 75 74 75 76 75 74 75 76 77 78 79 78 79 78 79 78 77 78 77 76 77 76 77 78 79 78 79 80 81 80 79 78 79 80 79 78 79 80 79 80 81 80 81 80 79 78 77 78 77 78 77 78 79 78 79 80 79 80 79 80 79 80 81 80 79 80 81 82 81 82 81 82 83 84 83 82 81 80 79 80 79 80 79 80 81 82 81 80 79 80 79 78 77 76 75
100 61 60 61 60 61 62 63 64 65 66 67 68 69 68 69 68 67 68 67 66 65 64 63 62 61 62 63 64 63 62 63 62 63 62 61 60 59 60 61 62 61 60 59 58 57 58 57 58 59 60 59 60 59 60 59 60 61 62 63 62 61 62 63 62 61 62 63 64 65 64 63 62 63 62 61 60 59 60 61 60 59 60 61 62 63 64 63 64 63 64 65 66 65 64 65 66 67 68 67 66
100 80 81 80 79 80 81 80 81 82 83 82 83 82 81 80 79 78 77 78 79 80 79 78 77 76 75 76 75 76 77 78 79 80 81 80 79 80 79 80 79 78 79 80 81 82 83 84 83 84 85 84 83 84 83 82 83 84 85 84 83 82 81 82 83 82 83 82 83 84 83 84 85 84 83 82 83 84 85 86 85 84 85 86 85 84 85 86 85 86 85 86 85 84 85 86 85 86 87 86 87
100 86 87 88 89 90 91 90 89 88 89 88 87 88 87 86 87 88 89 90 89 90 89 88 89 90 89 88 89 88 87 86 85 86 87 86 85 84 85 84 83 82 81 82 81 82 81 82 83 84 83 82 81 82 83 82 83 84 85 86 85 86 87 88 87 88 89 90 91 90 89 88 87 86 87 86 85 84 85 84 83 84 85 86 87 86 85 84 85 84 85 86 87 86 85 86 85 84 85 86 85
100 52 53 52 53 54 55 54 53 54 55 54 53 54 53 52 51 52 53 54 55 56 57 56 57 56 55 54 55 54 55 54 55 54 53 52 53 54 53 54 55 56 57 56 57 58 57 58 57 56 55 54 55 56 57 58 59 58 59 60 59 58 59 58 59 60 61 60 59 58 57 56 55 54 53 52 51 50 51 50 51 50 49 50 49 48 49 50 49 48 47 46 45 46 45 44 43 42 43 44 43
100 49 50 51 50 51 50 51 50 51 52 51 50 51 52 51 52 51 50 49 48 47 46 47 46 45 46 45 44 43 44 43 44 43 42 41 40 39 38 37 36 37 38 39 38 39 40 41 42 41 42 43 44 43 42 41 40 39 40 39 38 37 36 35 34 35 34 33 34 33 34 35 36 37 38 37 38 39 38 37 38 37 36 37 36 37 36 37 36 37 38 39 40 41 40 39 38 39 38 37 36
100 24 25 24 25 24 25 24 25 24 25 24 23 24 23 24 23 22 21 20 19 18 19 20 21 20 21 20 21 20 19 20 19 20 21 22 23 24 23 24 23 22 23 24 25 26 27 26 25 26 25 24 23 22 21 20 19 18 17 18 19 18 17 18 19 18 19 18 17 18 19 20 19 20 19 18 19 20 21 22 23 24 23 24 23 22 21 22 21 22 23 24 23 24 25 26 27 28 27 28 27
100 13 87 86 87 88 89 88 89 88 89 88 89 90 91 90 91 92 91 90 91 90 91 90 89 90 91 92 91 92 91 90 89 90 89 90 89 88 89 90 91 92 91 90 89 88 87 88 89 88 87 86 87 88 89 90 91 92 91 92 91 92 91 92 91 92 91 92 91 92 91 90 89 88 87 86 87 88 89 90 89 88 89 90 91 92 91 92 91 92 91 92 91 90 91 90 91 92 91 90 91
100 31 32 33 34 35 36 35 34 33 34 35 34 35 36 35 36 37 36 37 38 37 36 35 34 33 34 33 34 33 32 31 32 33 32 33 32 31 32 33 34 33 34 33 34 35 34 33 32 33 34 33 34 35 36 37 38 39 38 37 36 35 36 35 36 35 34 35 36 37 36 37 38 39 38 39 40 41 42 41 42 43 42 43 42 43 44 45 44 43 44 45 46 45 46 45 44 45 44 45 46
100 63 64 63 62 61 62 63 62 61 60 61 62 63 64 63 62 63 64 65 66 67 68 69 68 67 66 65 64 63 64 65 66 65 64 65 64 63 64 63 64 65 66 65 66 65 64 63 62 61 60 61 62 63 64 65 66 65 64 63 64 65 64 63 64 65 64 65 66 67 68 67 66 65 64 63 62 61 60 59 60 59 58 59 58 59 58 57 58 59 58 59 60 61 62 63 64 63 64 65 66
100 35 68 67 68 67 68 67 68 67 68 69 68 69 70 69 70 69 70 71 70 71 72 73 72 71 70 71 70 69 68 67 68 67 68 67 68 69 70 69 70 69 68 69 70 71 72 71 70 69 70 69 68 69 70 69 70 71 72 71 72 71 72 71 70 71 70 71 70 71 72 73 72 73 72 73 74 75 76 77 78 79 78 79 80 79 78 77 76 75 74 75 76 75 74 75 76 75 74 75 74
100 22 23 22 23 24 23 22 23 24 23 24 25 26 25 24 25 26 27 28 29 28 27 28 27 28 29 30 31 32 33 32 33 32 33 32 33 34 35 34 35 36 35 34 35 36 35 36 35 34 35 36 37 36 35 36 37 36 37 38 37 36 37 38 39 38 39 40 39 40 39 40 39 40 39 40 39 40 39 40 39 38 39 38 39 38 37 36 37 38 39 40 39 40 39 38 39 40 39 38 37
100 57 58 57 56 55 56 57 58 57 56 57 58 59 60 61 62 61 60 61 60 61 62 63 64 63 62 63 64 65 66 67 68 67 68 67 66 65 66 65 66 65 66 67 66 67 66 65 64 65 64 63 64 63 62 63 64 65 66 67 68 69 68 69 70 69 68 67 66 67 68 67 66 67 68 67 66 67 68 69 70 71 72 73 72 73 72 73 74 75 76 75 76 75 76 77 78 77 76 77 76
100 92 91 90 89 88 87 88 89 88 89 90 91 92 91 90 91 90 91 92 91 90 89 90 91 92 91 90 91 92 91 92 91 90 89 88 87 86 87 86 85 86 87 86 87 88 89 90 89 88 87 86 85 84 85 84 85 84 85 84 85 86 87 86 85 86 87 86 85 86 85 84 83 82 83 82 83 84 85 84 85 86 87 86 85 84 85 86 85 86 85 84 85 84 85 84 85 84 83 84 83
100 67 68 67 66 67 66 67 68 67 66 67 66 67 66 65 66 67 68 67 66 67 68 69 70 71 72 73 72 71 72 71 72 71 70 71 72 71 70 69 70 71 70 71 70 69 68 67 66 67 68 69 70 69 68 69 70 69 68 67 68 69 68 67 68 67 68 67 68 67 66 65 64 65 64 65 64 65 66 65 66 67 66 67 68 69 68 67 68 67 66 65 66 67 68 69 68 69 70 71 72
100 36 86 85 86 85 86 85 86 87 86 87 86 87 88 89 90 91 90 89 90 91 92 91 92 91 90 91 90 89 88 89 88 89 88 89 88 89 90 91 90 91 92 91 92 91 90 91 90 91 90 91 90 91 90 89 90 89 90 89 90 89 90 89 90 91 90 89 90 91 90 89 90 89 90 89 90 89 90 89 90 89 88 89 90 91 92 91 90 89 90 89 88 87 88 87 86 85 84 85 86
100 72 73 74 73 72 73 74 75 74 73 72 73 72 73 72 71 72 71 70 71 72 71 70 71 72 73 74 75 76 75 74 73 74 75 74 73 74 75 74 73 72 73 72 73 72 71 70 69 70 71 72 71 72 73 72 73 74 73 74 73 74 73 72 71 70 71 72 73 74 75 74 73 72 73 74 75 74 75 74 73 74 73 72 71 70 69 68 67 66 67 66 67 66 65 66 65 66 67 68 69
100 78 77 78 79 78 77 76 75 76 75 76 77 78 77 78 79 80 79 80 81 80 79 78 79 80 81 82 81 80 79 78 77 76 77 76 75 74 75 76 77 76 77 78 79 80 81 80 81 80 79 80 79 78 79 78 79 80 79 78 77 76 75 74 73 72 71 72 73 74 75 76 75 76 75 76 77 76 75 76 77 78 77 78 77 76 77 78 79 78 77 76 75 74 73 74 73 74 73 72 71
100 54 55 56 57 58 59 60 61 60 61 60 61 62 63 62 61 60 61 60 59 60 59 60 59 58 59 58 59 60 61 60 59 60 61 62 61 62 61 62 61 60 59 60 59 60 61 60 61 62 63 64 65 64 65 64 63 64 65 66 67 68 69 68 67 68 67 68 67 68 69 70 71 72 73 74 75 76 75 76 77 78 79 80 79 80 79 80 79 78 77 76 77 78 79 80 81 80 79 78 79
100 14 15 16 15 16 15 14 15 14 13 14 13 14 13 12 13 14 13 12 13 14 15 14 13 14 15 16 17 16 17 16 17 18 17 16 15 16 17 16 17 18 17 16 17 16 17 18 17 16 17 18 17 18 19 18 17 18 19 18 17 18 19 18 17 18 17 18 19 18 19 18 17 16 17 16 17 18 17 18 17 18 19 20 19 18 17 16 17 16 15 16 15 14 13 14 15 16 17 18 19
100 17 18 19 18 17 18 17 16 17 16 17 18 17 18 17 18 17 16 17 18 17 16 17 16 17 18 17 16 15 14 15 14 15 14 15 14 13 14 15 14 15 16 15 14 13 12 13 14 15 14 15 14 15 16 15 14 15 16 15 16 17 16 17 16 17 16 17 18 17 18 19 18 19 20 21 22 23 24 23 24 25 26 27 26 25 26 25 26 27 28 27 28 27 28 29 30 31 32 31 32
100 35 36 37 38 37 36 37 36 37 38 37 38 37 38 37 38 37 38 39 38 37 36 35 34 33 32 31 32 33 34 33 34 33 34 35 34 35 36 35 34 33 34 35 36 35 34 35 36 35 34 33 34 33 34 35 36 35 34 35 36 35 36 37 38 37 36 37 36 35 34 35 36 37 36 35 36 35 36 37 38 37 38 37 38 37 36 35 34 35 36 35 36 37 36 37 36 37 38 37 38
100 17 83 82 83 82 83 82 81 82 83 82 83 82 83 82 81 82 83 84 83 82 83 82 83 82 83 82 81 80 79 78 79 78 77 78 79 78 79 80 81 82 81 80 81 82 83 82 81 82 81 82 81 82 83 84 83 82 83 82 83 82 81 80 79 78 79 78 77 76 77 78 77 78 77 78 77 76 75 76 75 76 77 78 77 76 75 74 75 76 75 74 75 74 75 74 73 72 73 74 75
100 46 83 82 81 82 81 82 81 82 83 82 81 80 79 78 77 76 75 76 75 76 75 74 75 76 75 76 77 76 77 76 77 78 79 80 79 78 77 78 79 80 81 82 83 82 81 82 81 82 81 80 81 80 81 82 83 84 83 82 81 82 83 84 83 82 81 82 81 80 81 82 81 82 83 84 83 84 85 86 85 86 87 88 87 88 87 88 87 86 85 86 87 88 89 88 87 86 87 88 87
100 70 69 68 69 70 69 68 69 68 69 70 69 68 67 66 65 64 65 64 65 64 63 64 63 64 65 66 65 66 65 66 67 66 67 68 67 68 69 70 69 68 67 66 65 64 65 64 65 66 67 66 65 64 63 64 63 64 65 66 67 66 65 64 65 64 65 64 63 64 65 64 65 64 65 64 65 66 67 66 65 64 63 64 63 64 65 64 65 64 65 66 65 64 63 64 65 66 65 66 67
100 35 68 67 68 67 68 69 68 67 66 65 64 63 64 63 62 61 62 61 62 61 60 59 60 61 60 61 62 63 64 65 64 65 64 63 64 65 64 65 66 67 66 67 68 67 68 69 70 69 70 69 68 69 68 67 66 67 68 69 70 71 70 69 70 69 68 67 68 69 68 69 70 69 70 69 70 71 70 69 70 69 68 67 68 67 66 65 66 67 68 69 68 69 70 71 70 71 72 73 72
100 37 38 39 38 39 40 41 42 41 42 41 42 41 40 41 40 39 40 39 40 41 42 41 40 41 40 41 40 41 42 43 44 43 44 45 44 43 42 41 42 41 42 43 44 43 42 43 42 43 42 41 40 41 40 39 38 39 40 41 40 41 42 43 44 45 44 43 42 43 42 41 40 39 40 41 42 41 42 43 44 45 46 45 46 47 48 49 50 49 48 49 48 49 48 47 46 47 48 49 50
100 35 68 67 66 65 64 63 62 61 60 59 58 57 58 57 58 57 58 57 56 57 56 57 58 59 60 61 62 63 62 61 62 61 60 61 60 61 60 59 58 57 58 57 56 57 58 59 60 59 58 59 58 57 56 55 56 57 58 57 58 57 56 55 56 55 56 55 54 55 54 55 56 55 56 55 56 57 58 57 58 59 60 61 60 61 62 63 62 61 60 61 62 63 62 61 62 63 64 63 64
100 46 83 84 85 84 83 82 83 82 83 84 85 86 87 86 85 84 83 82 83 84 85 84 85 84 85 86 87 88 89 88 87 86 85 86 87 86 87 86 85 86 85 86 87 86 85 86 85 84 83 82 83 84 85 84 83 84 83 84 83 82 81 82 83 82 81 82 81 80 79 80 79 78 77 76 75 74 73 74 75 76 75 76 77 78 79 78 79 80 79 80 79 78 77 76 77 76 77 76 75
100 35 34 35 36 37 36 37 38 39 40 41 40 41 40 41 42 41 40 39 38 39 38 37 36 37 38 39 38 39 40 41 40 39 38 37 38 37 38 37 38 39 40 41 42 43 44 45 46 47 46 47 46 47 46 47 48 49 50 51 52 53 52 53 52 51 50 51 50 51 52 51 52 51 50 51 52 53 52 51 50 49 48 47 48 47 48 47 48 49 48 47 46 47 48 49 48 49 50 49 50
100 33 70 71 70 71 72 73 74 75 74 75 74 73 72 71 70 71 72 73 72 71 72 73 74 75 76 75 76 75 74 73 72 73 72 71 70 71 72 71 72 71 70 69 68 69 70 69 70 71 72 71 70 69 68 67 68 69 70 69 68 69 70 69 68 69 70 71 72 71 70 69 68 67 68 69 70 69 68 67 66 67 68 69 70 71 72 73 74 75 74 73 74 73 72 71 72 73 74 73 74
100 41 42 41 42 41 42 43 44 45 46 47 48 49 48 47 46 45 44 43 44 43 42 41 40 41 40 39 40 39 40 41 40 39 40 41 42 43 42 41 42 43 44 45 44 43 42 43 44 43 44 45 46 47 46 45 46 45 44 43 42 41 40 39 40 41 40 41 42 41 42 41 42 43 42 43 44 43 44 43 42 41 42 43 42 43 44 43 42 41 42 43 44 43 42 41 40 41 42 43 44
100 13 14 15 16 15 14 15 14 13 12 11 12 13 14 13 14 15 14 15 16 15 16 17 18 19 18 17 16 15 14 13 12 13 14 15 14 15 16 17 18 17 16 17 18 17 18 19 18 17 16 17 16 15 16 17 16 17 18 17 16 15 14 15 16 15 16 15 16 17 18 19 20 19 18 19 18 19 18 19 20 21 20 19 18 19 18 17 18 19 20 21 22 23 22 21 20 19 20 19 18
100 45 46 47 48 47 46 47 48 47 48 47 48 49 50 49 48 49 50 49 48 49 48 47 48 49 48 47 48 47 46 47 48 49 50 51 50 49 50 51 50 49 48 49 50 49 50 51 50 49 48 47 46 47 46 47 48 49 50 49 50 49 48 47 48 47 48 49 50 49 48 47 46 47 46 47 46 47 46 47 46 45 44 45 44 43 42 43 44 43 42 43 42 41 42 41 42 41 42 41 42
100 64 17 18 19 20 19 20 19 20 19 18 19 18 17 16 15 16 15 14 15 14 15 14 13 14 13 14 13 14 13 14 13 12 11 10 9 10 9 8 9 8 7 6 7 8 7 8 9 10 11 12 11 12 13 14 13 14 15 16 15 14 13 12 13 12 11 10 9 8 7 8 7 8 7 8 7 6 7 8 9 10 9 10 9 10 9 8 7 8 9 10 11 10 11 12 11 10 9 10 11
100 42 43 44 43 42 43 42 43 44 45 44 45 46 45 44 43 44 43 44 43 44 45 46 47 48 49 50 51 50 51 52 53 54 55 54 53 54 53 54 55 56 57 58 57 56 57 58 57 56 57 58 59 60 59 60 61 60 59 58 57 58 57 56 57 56 57 56 57 56 57 58 59 58 57 58 59 60 59 58 57 56 57 58 57 56 55 56 57 56 55 56 55 56 55 56 55 56 57 58 59
100 63 64 63 64 65 66 67 66 65 66 65 66 65 64 65 66 65 64 63 62 61 62 61 60 61 62 61 62 63 62 61 62 61 60 59 58 59 58 57 58 57 56 55 56 57 56 57 56 57 58 59 58 57 58 59 58 59 60 59 60 61 60 61 60 61 62 63 62 63 64 65 64 63 62 63 64 63 64 65 64 65 64 65 64 63 64 65 66 67 66 67 68 69 70 69 68 67 66 67 68
100 17 18 17 16 15 16 15 16 17 18 19 18 17 16 15 14 13 14 13 12 13 12 13 14 15 14 13 12 13 12 13 14 13 14 15 14 13 12 11 10 9 8 7 6 7 6 5 6 5 6 5 6 5 6 5 4 5 6 7 8 9 8 7 8 9 8 7 8 9 8 7 8 7 6 7 8 9 8 7 8 9 8 9 10 11 12 13 12 11 12 13 12 13 14 13 12 11 12 13 14
100 35 68 67 66 65 64 65 64 63 62 61 62 61 62 61 60 61 62 63 62 61 60 59 58 57 58 57 56 57 56 55 54 55 56 57 58 59 58 59 60 59 60 59 60 59 60 59 58 57 56 55 56 57 56 57 58 59 60 59 58 59 60 61 62 61 60 61 60 59 58 59 60 61 62 63 62 61 62 63 62 61 60 61 62 63 62 63 64 63 64 63 64 65 64 63 62 63 64 65 64
100 25 26 27 28 29 28 29 30 31 32 31 30 31 32 33 32 33 34 35 34 33 32 31 30 29 30 29 28 29 30 29 30 31 30 29 30 29 28 27 26 25 24 25 24 23 24 23 24 25 24 25 26 25 24 23 22 23 22 23 24 25 24 23 24 23 24 25 24 25 26 25 24 25 24 25 26 25 24 23 22 21 20 19 20 21 20 19 20 21 22 23 24 23 24 25 26 25 24 23 24
100 54 55 54 55 54 55 54 53 52 53 52 51 52 53 52 51 50 49 48 47 48 49 50 51 52 51 52 53 54 53 52 53 54 55 54 55 56 55 56 57 56 57 58 59 60 61 62 61 62 61 60 61 60 59 60 59 58 59 60 59 58 59 60 59 60 61 62 61 60 61 60 59 58 57 56 57 58 59 60 59 58 59 58 59 60 61 60 59 58 57 56 55 54 53 52 51 52 53 52 51
100 68 69 70 71 72 71 70 71 70 69 68 69 68 67 66 65 66 67 68 69 70 71 72 71 72 71 70 71 72 73 74 73 74 75 74 73 72 71 72 71 70 69 70 71 72 73 72 73 72 73 74 73 74 73 72 73 72 73 74 75 76 77 76 75 76 75 76 75 74 75 74 73 72 71 72 71 72 73 72 71 70 71 70 71 70 69 68 67 66 65 66 65 64 63 64 65 64 63 64 63
100 68 69 70 69 68 67 68 69 70 69 70 69 68 67 68 67 68 69 68 67 66 67 66 67 66 65 64 65 66 65 64 63 62 63 64 65 64 65 64 63 62 63 64 65 66 65 66 65 66 65 64 65 64 65 64 63 62 61 60 59 58 59 60 61 60 61 60 61 62 63 62 63 62 63 62 61 60 59 58 57 56 55 54 53 54 55 54 53 52 53 54 55 56 57 56 57 58 59 60 59
100 6 5 4 5 6 5 6 7 6 5 6 7 6 7 8 7 6 7 8 9 10 9 8 7 8 7 6 7 6 7 8 7 6 5 4 3 2 1 2 3 4 5 4 3 4 5 6 7 8 7 6 5 6 7 6 5 4 3 4 3 2 1 2 3 2 1 2 3 2 3 2 1 2 1 2 3 4 3 4 3 2 1 2 1 2 1 2 1 2 1 2 1 2 3 2 1 2 1 2 1
100 68 69 68 69 68 67 68 67 66 65 64 63 64 65 66 67 68 69 68 67 66 65 66 67 66 67 66 65 64 63 62 61 62 61 60 61 60 61 60 59 60 59 60 61 62 61 60 61 60 61 60 61 60 61 60 59 60 59 58 57 58 59 58 59 60 59 58 57 56 55 56 55 56 57 58 59 60 59 60 59 58 59 60 61 60 59 60 59 60 61 62 63 64 65 66 65 66 65 66 67
100 77 78 77 76 77 76 75 76 75 76 77 78 79 80 81 82 81 82 83 84 83 84 85 84 83 82 83 84 85 86 85 86 87 88 89 88 89 90 91 92 91 92 91 90 89 88 87 88 87 88 87 88 87 88 87 88 89 88 89 90 89 90 91 90 89 88 87 86 85 86 85 84 83 82 81 82 81 82 83 82 81 82 81 80 81 80 79 80 81 82 81 80 81 82 83 84 85 86 87 86
100 64 3 2 3 2 3 2 3 4 3 2 3 4 3 2 3 2 1 2 3 4 5 4 3 4 5 4 5 6 5 4 5 4 5 6 5 6 5 6 5 4 3 4 3 4 5 4 3 4 3 4 5 6 5 6 5 4 5 6 7 8 7 8 9 10 11 10 11 10 11 10 9 8 7 6 7 8 9 8 7 6 7 6 7 6 5 6 7 8 7 8 7 8 7 8 7 8 9 8 7
100 1 2 3 4 5 6 7 6 5 6 7 8 9 8 7 8 9 8 7 8 9 8 7 6 5 4 3 4 5 6 5 4 3 4 3 2 3 4 3 2 3 2 1 2 3 4 5 6 7 8 7 8 9 10 11 10 9 10 9 8 9 10 11 12 13 12 11 10 9 8 7 8 7 6 5 6 7 8 7 6 5 6 7 6 5 4 5 6 7 8 9 8 9 10 11 10 9 10 9 10
100 18 19 18 17 16 15 16 15 16 15 14 15 16 17 16 17 18 17 18 19 20 19 20 19 18 17 16 17 18 19 18 17 18 19 20 21 22 21 20 21 22 21 20 19 18 17 16 17 16 15 16 17 16 15 14 15 14 13 14 15 16 15 16 15 16 15 14 13 14 15 14 15 14 15 16 15 16 17 16 15 14 15 16 17 18 19 18 19 20 21 22 21 20 21 20 19 18 19 20 19
100 13 14 13 12 13 14 15 14 15 14 15 16 17 16 17 18 19 18 19 20 21 22 21 22 23 22 21 20 21 20 21 20 21 20 21 22 21 20 19 18 19 18 19 18 17 18 19 20 21 20 21 22 21 20 21 22 23 22 21 20 21 22 21 22 23 24 23 24 23 22 21 22 21 20 21 20 21 20 19 18 17 18 17 16 17 16 15 14 13 12 13 12 13 14 15 16 17 18 17 16
100 51 52 53 54 53 54 53 52 51 50 49 48 47 46 47 48 49 48 49 48 49 48 47 46 47 46 45 44 43 44 43 44 45 44 45 46 47 48 47 46 47 48 47 46 45 44 45 44 45 44 43 44 45 44 45 46 45 44 45 46 45 46 47 48 47 46 45 44 45 44 45 44 43 42 41 42 41 40 41 40 41 42 41 40 41 40 39 40 39 40 41 40 41 40 39 40 39 40 39 40
100 28 29 28 29 28 29 30 29 30 29 28 27 28 27 28 27 28 29 28 29 28 27 28 27 28 27 28 27 26 25 26 25 26 27 26 25 24 25 26 25 26 25 26 25 26 25 24 23 22 23 22 23 24 25 26 27 26 27 28 27 26 27 28 29 30 31 32 33 34 33 32 31 32 31 32 31 30 31 32 31 32 31 32 31 30 31 30 29 28 27 26 27 28 27 26 25 26 27 28 29
100 23 69 68 69 68 69 68 67 66 67 68 69 70 71 72 71 70 71 70 69 68 69 70 71 70 69 70 71 70 69 68 67 66 65 66 65 64 65 66 67 66 67 68 69 68 69 68 67 66 67 68 69 68 67 66 67 68 67 68 67 66 65 66 67 68 69 70 71 72 73 72 71 72 73 72 71 72 73 72 73 72 71 70 71 72 71 70 69 68 69 68 67 68 69 70 69 68 67 68 67
100 6 7 6 7 8 9 8 9 10 9 10 11 10 9 8 7 8 9 10 9 8 9 10 11 12 11 12 11 12 11 10 11 10 11 12 11 12 13 12 11 10 11 10 9 10 11 12 11 10 9 10 11 12 11 12 13 14 13 14 13 12 11 10 9 8 7 6 5 4 3 4 5 4 3 4 5 6 7 6 7 8 7 8 9 10 11 10 9 8 7 8 9 10 11 12 11 10 9 10 11
100 25 45 44 43 44 43 42 41 40 41 40 39 38 37 36 37 36 35 36 35 36 37 38 37 36 35 36 37 36 37 36 35 34 33 34 33 34 33 32 31 30 31 32 31 32 33 34 33 34 33 32 33 34 35 34 33 34 35 36 37 38 37 38 39 38 37 38 39 40 39 38 39 38 37 36 35 36 35 36 35 36 35 36 37 36 35 36 35 36 37 38 37 36 35 34 33 32 31 30 31
100 46 47 48 47 46 47 48 47 46 47 46 45 44 45 44 45 44 43 44 45 46 45 44 45 46 47 48 47 48 49 48 49 48 49 50 51 50 51 50 49 48 49 48 47 46 45 44 45 46 45 44 43 42 41 40 39 38 39 40 41 40 41 42 43 42 43 44 45 44 43 44 45 46 47 46 47 46 45 44 45 46 45 44 45 44 45 44 43 44 43 42 41 42 41 40 39 38 37 38 39
100 4 5 6 5 4 3 2 3 2 1 2 1 2 1 2 1 2 3 4 3 4 5 4 3 4 5 4 3 4 5 4 3 2 1 2 1 2 3 4 5 4 3 4 5 6 5 4 5 6 7 6 5 4 3 4 3 2 1 2 1 2 1 2 3 2 1 2 1 2 1 2 3 4 5 4 3 2 3 2 3 4 3 4 3 2 1 2 1 2 1 2 3 2 1 2 1 2 3 2 1
100 23 24 23 22 21 20 21 22 23 24 23 24 23 22 23 24 23 24 23 22 23 22 23 22 23 24 25 24 25 26 25 26 27 28 27 28 27 26 27 26 27 26 27 26 27 26 27 28 29 30 31 30 31 30 31 30 31 30 31 30 29 28 29 30 29 28 29 28 27 28 29 30 29 28 29 30 31 30 31 32 33 32 31 30 31 32 33 34 35 34 33 34 35 36 37 36 35 36 37 38
100 69 23 24 23 22 21 22 23 24 23 24 23 24 25 26 25 24 23 22 23 22 23 22 23 22 21 22 23 24 23 22 21 22 23 22 21 20 19 18 17 18 17 18 17 18 17 16 15 16 17 16 15 14 13 12 11 12 13 12 11 12 11 10 11 12 11 10 11 10 9 10 11 10 9 10 11 12 13 14 13 12 13 14 13 14 15 14 15 14 13 12 13 14 15 16 17 18 17 16 17
100 8 9 10 11 10 9 10 11 10 11 12 13 12 11 10 11 10 9 10 9 10 9 10 9 8 7 6 5 4 5 6 7 6 7 8 7 6 5 6 7 8 7 8 7 8 9 8 7 8 9 10 11 12 11 10 11 10 11 12 11 12 11 12 11 10 9 10 11 10 9 10 11 10 11 10 11 10 9 8 7 8 7 8 9 10 9 10 9 8 7 8 7 8 7 6 5 6 5 4 3
100 9 24 25 26 27 28 27 26 27 28 29 28 27 26 27 28 29 30 29 30 31 30 31 30 29 30 29 30 29 30 29 30 29 30 29 28 27 28 29 30 29 30 31 32 33 32 33 32 31 30 31 32 33 34 35 36 37 36 37 38 37 36 37 38 39 40 39 38 39 40 41 40 39 40 39 40 39 40 39 38 37 36 35 36 35 36 35 34 35 36 37 36 35 36 37 36 35 34 33 32
100 11 68 69 68 69 68 67 66 65 64 65 64 65 64 63 62 63 62 63 62 63 64 63 64 63 64 63 64 65 66 67 68 69 68 69 70 71 72 73 72 71 72 71 70 71 72 73 72 73 72 73 72 73 72 71 70 71 70 71 72 71 72 71 70 69 68 67 68 69 70 69 70 69 68 69 68 69 68 69 68 69 68 67 68 67 66 67 68 69 70 71 72 73 72 71 72 71 72 73 74
100 43 44 45 44 45 44 43 42 41 42 43 42 43 42 41 40 41 42 43 42 41 42 41 40 41 42 43 42 43 42 43 42 41 40 41 42 43 44 43 44 43 44 43 44 43 42 41 40 39 38 39 38 39 38 37 36 35 34 33 32 33 34 35 36 37 36 35 34 33 32 33 32 31 30 29 28 29 30 29 28 27 26 27 28 29 30 29 30 29 30 29 30 31 30 29 30 31 32 31 32
100 61 62 61 62 61 62 63 64 65 66 67 66 67 66 65 66 67 68 67 66 67 66 67 68 69 68 67 66 67 66 67 66 65 64 63 62 63 62 63 62 61 60 61 60 59 60 61 60 61 60 61 60 61 60 61 62 63 62 61 62 61 62 63 62 63 64 63 62 61 62 63 62 63 62 63 62 63 62 63 64 63 62 61 62 61 62 63 64 65 64 65 66 65 66 67 68 67 66 65 64
100 24 25 26 25 26 27 26 25 24 23 22 21 22 21 20 21 22 21 22 21 22 21 20 19 20 19 18 17 16 17 16 15 16 15 16 17 16 17 16 17 16 17 16 17 18 17 16 17 16 15 14 15 16 15 14 15 16 15 14 15 14 15 14 13 12 13 14 15 14 13 14 13 14 15 16 15 14 15 16 15 16 15 16 15 14 13 12 11 12 11 10 11 10 9 8 9 10 11 10 9
100 34 35 36 35 34 33 34 33 32 33 32 31 30 31 32 33 34 35 34 35 36 37 36 35 34 33 32 33 34 35 36 37 38 39 38 39 40 39 40 41 42 43 42 41 40 41 40 39 40 39 40 41 42 41 42 43 42 43 44 43 42 43 44 43 42 41 40 41 42 41 40 41 42 41 40 39 38 37 38 39 40 41 42 43 42 41 40 41 42 43 42 43 44 45 46 45 44 45 46 47
100 77 78 77 76 75 76 75 74 73 74 73 72 71 72 73 74 73 74 75 74 75 76 75 76 75 74 73 74 75 74 73 74 75 76 75 76 75 76 75 76 77 76 75 74 75 76 77 76 75 74 73 74 75 74 75 74 73 74 75 76 75 76 75 76 75 76 75 76 75 76 77 76 77 78 77 78 79 78 77 76 77 78 77 78 79 78 79 80 79 78 77 76 77 76 77 78 77 76 75 76
100 75 74 73 74 73 72 71 70 69 70 71 70 69 70 69 68 69 70 71 72 73 74 73 74 73 72 73 72 71 70 71 70 69 68 69 68 67 68 69 68 67 66 65 66 67 68 69 70 71 72 73 72 73 74 75 74 75 74 75 74 73 72 71 72 71 70 71 70 71 70 69 68 67 66 67 66 67 68 69 68 69 68 67 66 67 66 65 66 67 68 69 68 69 68 69 68 69 68 67 68
100 88 89 88 89 88 89 90 91 92 91 92 91 90 89 90 91 92 91 92 91 92 91 92 91 92 91 90 89 88 89 88 87 88 89 90 91 92 91 92 91 90 91 90 91 92 91 90 91 90 91 92 91 90 91 92 91 90 89 90 89 90 89 88 87 88 87 88 87 86 85 86 87 86 87 88 87 88 89 88 87 88 87 88 87 86 85 86 87 88 87 86 87 88 87 88 87 88 89 90 89
100 87 88 89 88 87 86 87 86 85 84 83 82 81 82 81 80 79 78 79 78 79 78 79 80 81 82 81 82 81 82 83 82 83 82 81 82 83 82 83 84 83 82 81 80 81 80 81 82 81 82 83 84 85 84 83 82 81 82 83 84 83 82 83 84 83 82 81 80 79 78 79 80 79 78 77 78 77 78 79 78 77 78 79 78 79 80 81 82 81 82 81 80 79 78 79 80 81 80 81 82
100 63 64 63 62 61 60 61 62 63 64 63 62 63 62 61 62 61 60 61 60 61 62 61 60 61 62 61 60 61 62 61 62 63 64 63 64 65 66 65 64 63 64 63 62 61 62 63 62 63 64 65 66 65 66 65 64 63 62 63 64 63 62 63 64 63 62 61 62 61 60 59 60 61 60 59 60 59 58 57 58 57 56 55 56 55 54 55 56 55 54 55 54 53 52 53 52 51 50 49 48
100 3 4 3 4 5 4 5 4 5 4 5 6 5 4 5 4 3 4 3 4 5 4 3 4 5 4 5 4 5 6 5 6 5 6 7 6 7 6 5 6 5 6 7 8 7 6 7 6 7 8 9 8 7 6 7 8 9 8 9 8 7 6 7 6 7 6 5 4 3 4 3 2 1 2 1 2 1 2 1 2 1 2 1 2 1 2 3 4 5 6 5 4 3 4 3 2 1 2 3 2
100 70 82 83 82 81 82 83 84 85 86 85 84 85 84 83 84 83 82 83 84 83 82 83 82 83 84 83 82 81 82 83 84 85 84 85 86 87 86 87 86 85 84 85 84 83 82 83 84 85 84 83 82 81 80 79 80 79 78 79 78 77 76 77 78 79 80 79 80 81 82 81 82 81 80 81 82 81 82 83 84 83 82 83 82 81 80 79 78 79 78 79 78 79 80 79 78 79 80 79 80
100 28 29 30 29 28 29 30 31 30 29 28 27 28 27 28 27 28 29 28 29 30 31 32 33 32 33 32 31 32 33 34 35 34 35 36 35 36 37 36 37 38 37 36 37 36 35 34 33 34 33 34 33 32 31 30 29 28 29 28 29 28 27 28 29 28 27 26 27 28 27 28 27 28 27 26 27 26 27 26 25 24 25 24 23 24 25 26 25 26 25 26 25 24 23 24 23 24 23 22 23
100 22 23 22 21 22 21 20 19 20 19 20 21 20 19 18 19 20 21 20 19 20 19 18 17 16 15 16 17 18 19 20 19 18 17 18 17 18 17 18 19 18 17 18 17 16 17 18 17 18 19 18 19 18 19 20 19 20 19 20 19 20 21 20 19 18 19 18 19 20 19 20 21 22 21 20 21 22 21 20 21 20 21 22 23 22 23 22 21 22 21 20 21 20 21 22 21 22 23 24 23
100 20 23 22 21 22 23 22 21 20 21 22 21 20 19 18 17 16 15 14 13 14 13 14 13 12 13 14 13 12 13 14 15 16 15 16 15 16 15 16 17 16 17 18 19 18 17 18 19 20 21 22 23 24 25 26 25 26 27 28 27 28 29 30 29 28 27 28 29 28 29 30 29 30 31 30 29 28 27 26 27 28 27 26 27 28 27 26 27 28 27 28 27 28 29 28 29 28 27 26 25
100 41 42 43 42 41 42 43 44 43 44 45 44 43 42 41 40 41 40 39 38 37 38 39 40 39 38 37 36 35 36 35 34 35 36 35 36 37 38 37 38 37 36 35 36 37 38 39 38 37 38 37 36 37 36 37 36 37 36 37 36 35 34 35 34 35 34 35 36 37 38 39 38 39 38 37 36 35 34 35 36 35 34 35 34 35 34 35 36 37 38 39 38 39 38 39 40 41 42 43 44
100 45 19 18 17 16 17 18 17 18 19 20 21 20 19 18 17 16 17 18 17 18 17 18 17 16 17 16 15 14 13 14 15 16 15 14 15 16 15 16 15 16 17 18 17 16 15 16 15 14 13 14 13 12 11 10 9 8 7 6 7 8 7 8 7 6 5 4 3 2 1 2 3 4 5 4 3 2 1 2 3 2 3 4 3 4 3 2 3 4 5 4 3 2 1 2 1 2 1 2 3
100 45 46 45 44 45 46 47 46 45 44 43 44 43 44 43 44 45 46 47 46 47 48 47 48 47 48 47 48 47 48 47 48 47 46 47 48 47 48 49 48 49 50 51 52 51 50 51 52 53 52 53 54 53 54 55 56 57 56 55 54 53 52 53 52 53 54 53 52 51 50 51 52 53 54 55 54 55 56 55 54 55 56 57 58 57 58 59 60 59 60 59 58 59 58 59 60 59 58 57 56
100 69 70 69 70 69 68 69 70 71 70 71 72 73 72 71 70 71 72 73 74 73 72 73 72 71 70 69 70 69 70 69 70 71 72 71 70 71 70 71 70 71 72 73 74 75 76 77 78 77 76 77 78 79 78 77 78 77 76 75 74 75 74 75 76 77 76 77 78 77 76 75 76 77 78 77 76 77 78 77 76 77 76 77 76 77 76 75 76 77 78 77 78 77 76 75 74 73 72 73 72
100 69 70 71 72 71 70 69 70 71 72 71 70 71 72 71 70 69 70 69 70 69 70 69 70 69 70 69 70 69 68 67 66 67 66 65 64 63 64 63 64 65 64 65 64 65 66 67 68 67 68 67 68 69 70 71 70 71 70 71 70 69 68 69 68 67 68 67 68 69 70 69 68 67 66 67 66 65 64 65 66 65 66 65 64 63 62 61 60 59 58 57 58 57 56 57 56 57 56 55 56
100 87 88 87 86 87 86 87 88 87 88 87 86 87 86 87 86 85 84 83 82 83 82 83 82 81 80 79 80 81 82 81 80 81 80 79 78 77 78 77 78 77 78 79 80 81 80 79 78 77 78 77 76 75 74 73 74 73 72 71 70 69 68 67 68 67 66 65 64 65 64 63 62 61 62 61 62 61 62 63 64 63 62 61 62 61 60 59 60 61 60 61 60 59 60 61 62 63 62 61 62
100 62 63 64 65 64 65 64 63 64 63 62 63 62 61 62 63 62 61 60 61 62 63 62 61 62 63 64 63 64 63 64 63 64 65 64 65 64 65 66 65 64 65 64 65 66 65 64 65 64 65 64 65 66 65 66 67 66 65 64 65 66 67 66 65 66 67 68 67 66 67 68 67 66 67 66 65 64 65 66 65 66 67 68 69 68 67 66 67 66 65 64 65 66 67 68 67 68 67 68 67
100 80 81 82 83 82 83 84 85 84 85 84 85 84 85 86 87 86 85 84 85 84 85 84 83 82 81 80 81 80 79 80 79 78 77 78 77 76 75 76 75 74 73 72 71 72 73 74 73 72 73 74 73 74 75 74 75 76 75 76 75 76 75 76 77 76 77 78 77 78 79 80 81 80 79 78 77 76 77 76 75 74 75 74 75 76 75 76 77 76 75 74 75 76 75 76 75 74 75 76 75
100 70 71 70 71 72 73 72 73 74 73 72 71 72 73 74 73 74 73 72 71 70 71 70 69 70 71 72 71 70 71 70 71 72 71 72 73 74 75 76 75 76 75 76 75 74 75 74 75 74 73 74 75 76 77 78 77 78 77 76 75 76 75 76 77 78 77 78 79 78 79 78 79 80 79 78 77 78 79 80 79 78 79 78 79 80 81 82 83 82 81 82 81 82 81 82 83 84 83 82 81
100 51 92 91 90 89 90 89 90 91 92 91 92 91 90 89 90 91 92 91 90 91 90 89 90 91 90 91 90 89 90 89 88 89 88 89 88 87 88 87 86 85 84 85 86 85 86 87 88 89 88 87 86 87 86 85 86 85 84 83 82 81 82 81 80 81 80 79 80 81 80 79 78 79 78 79 80 79 78 77 76 77 78 79 80 81 82 81 80 79 80 81 82 81 80 81 80 79 80 79 80
100 16 17 16 17 16 17 18 19 20 21 20 19 18 17 16 15 14 13 12 11 10 9 8 9 8 9 10 9 10 11 12 13 14 15 14 13 12 11 10 9 10 11 12 13 14 15 16 17 18 17 16 15 16 17 18 17 18 19 20 19 20 19 18 17 16 15 16 15 14 13 14 15 16 15 16 15 16 15 14 15 14 15 14 15 14 13 14 13 12 13 14 15 14 15 14 15 14 15 14 13
