194 193
50 96
166 71
93 158
37 20
149 49
119 184
33 65
145 68
121 36
143 185
101 17
142 109
181 137
46 97
3 169
168 166
51 84
44 9
140 131
157 7
9 123
146 108
10 62
118 113
182 175
62 168
65 6
194 12
64 164
104 60
88 128
177 14
84 48
23 100
171 101
96 38
151 33
49 155
138 99
80 146
129 30
158 102
52 90
41 27
30 32
5 103
133 13
102 126
15 124
86 114
170 142
179 182
109 51
115 138
82 149
45 31
162 132
36 52
123 61
13 54
68 134
11 133
17 192
193 47
75 160
94 92
125 44
91 74
32 107
186 130
85 105
27 5
164 53
180 50
43 178
12 41
89 16
38 135
137 148
127 82
107 8
113 75
71 153
31 187
152 163
174 1
126 176
16 26
74 118
59 156
120 127
190 76
187 151
70 72
111 119
47 183
178 37
8 159
77 91
26 34
130 161
4 154
183 117
72 157
20 73
103 29
34 59
154 147
92 115
76 122
35 129
90 194
131 152
141 140
78 106
108 193
110 112
184 145
55 43
69 173
24 171
106 67
58 56
139 191
114 69
18 167
188 85
39 94
66 121
173 179
163 93
134 81
63 190
60 89
159 28
81 165
147 188
97 143
172 95
40 125
22 136
191 87
61 77
53 18
28 25
122 174
54 150
95 83
29 116
169 189
25 78
128 10
124 186
57 35
116 4
192 23
83 181
117 57
136 24
189 104
99 141
176 40
79 64
155 45
160 144
73 63
153 15
87 70
165 162
21 88
6 110
100 170
135 111
161 177
19 46
185 172
112 58
42 55
144 19
167 180
98 39
175 22
48 139
14 11
7 79
67 3
150 66
1 80
2 21
148 42
56 2
132 98
156 120
24
84 7 79 64 79 64 79 64 164 53 18 53 18 167 18 53 164 64 164 53 164 53 18 53 18 167 180 50 180 50 180 50 180 50 180 167 18 53 164 64 164 64 164 53 164 53 18 53 18 53 18 167 180 167 180 167 18 167 180 167 18 167 18 167 180 167 180 50 180 167 180 50 180 50 96 50 96 38 96 50 96 38 135 38 96
72 102 126 176 40 176 126 102 126 176 40 125 40 176 40 176 40 125 44 125 40 176 40 176 126 176 126 176 126 102 126 176 126 176 40 176 40 176 126 102 158 93 163 93 158 93 163 152 163 93 158 93 158 93 163 152 163 152 163 93 163 93 158 93 163 93 158 102 158 93 163 152 131
13 1 80 146 108 193 108 193 47 183 171 24 136 24
30 26 34 59 34 59 34 26 16 26 34 26 16 26 16 26 34 26 34 59 156 120 156 120 127 82 149 49 155 45 31
96 78 25 28 25 78 106 78 25 78 25 78 106 78 25 28 159 28 159 8 107 8 107 32 107 32 107 8 159 28 159 28 25 28 159 28 159 28 25 28 25 28 159 28 159 8 159 8 159 8 159 28 159 8 107 8 159 8 159 8 107 8 107 8 159 28 159 28 25 28 25 78 25 28 25 78 106 67 3 67 3 169 3 67 3 67 3 67 106 67 3 67 106 78 25 78 25
12 90 156 120 127 82 149 49 155 45 155 45 155
97 52 90 52 36 121 66 121 66 150 54 13 133 13 133 13 54 150 66 121 66 150 66 121 36 121 36 121 36 121 36 52 90 194 12 194 90 194 90 194 12 194 90 156 120 127 120 127 82 127 82 149 49 149 82 149 49 149 49 149 49 155 49 149 49 155 49 149 82 127 82 149 49 149 49 155 49 149 82 149 49 149 49 155 45 155 45 31 187 31 187 151 187 151 187 151 33 151
63 155 45 31 45 155 45 31 45 31 187 151 33 151 187 151 187 31 45 31 187 151 33 65 6 65 33 151 187 151 33 65 33 151 33 151 33 65 6 110 112 58 56 2 56 2 21 88 177 14 177 161 130 161 177 161 177 161 177 14 11 14 11 133
88 154 147 188 85 188 85 188 85 188 85 188 147 188 85 105 85 188 147 188 147 154 4 116 4 116 4 116 29 103 5 27 5 27 5 27 41 12 41 27 5 103 29 103 29 116 4 116 4 154 147 154 4 116 29 116 29 103 5 103 5 27 41 12 194 12 194 90 52 90 194 12 194 12 41 12 41 12 194 12 41 12 41 27 5 27 5 103 5
97 39 94 92 115 92 115 92 115 92 115 138 99 138 115 138 115 92 115 92 115 138 115 138 99 97 143 97 143 97 99 97 143 185 172 185 143 97 46 19 46 19 46 19 144 19 144 19 144 19 46 19 144 19 46 19 144 19 144 160 144 19 46 19 46 97 143 97 143 97 99 138 99 97 99 97 143 185 172 185 172 185 143 97 99 141 99 141 140 131 140 131 140 131 140 131 152 163
55 193 47 183 171 183 47 193 108 193 108 193 47 183 47 193 108 146 80 146 108 146 108 146 80 1 174 1 80 146 80 1 174 1 174 1 174 1 80 1 174 1 174 122 174 1 80 146 80 1 80 146 108 193 108 146
12 131 152 163 152 163 152 131 152 163 152 131 140
95 100 170 100 23 100 170 142 109 51 84 48 55 43 178 43 55 43 178 43 178 37 178 43 55 42 55 43 178 37 178 37 20 37 20 73 63 190 63 190 63 73 20 37 20 73 20 73 20 37 178 37 178 37 20 73 20 37 178 37 20 37 20 37 20 73 63 73 63 73 20 73 20 37 178 43 55 43 178 43 55 43 178 43 55 43 55 42 148 42 148 137 181 83 181 83
35 5 103 5 27 41 27 5 103 5 27 5 27 41 27 41 27 5 103 5 103 5 103 29 116 29 103 5 27 5 103 29 116 4 116 4
91 39 94 92 94 39 98 132 98 39 94 92 115 138 115 92 115 138 99 138 99 138 99 141 99 97 99 141 99 141 140 131 152 163 152 131 152 131 152 163 152 163 93 158 93 158 93 163 152 131 152 163 152 131 140 131 152 131 152 163 93 158 93 163 152 131 140 141 140 141 99 138 99 97 99 138 115 92 94 39 98 132 162 165 81 165 162 165 81 165 162 132
77 177 14 11 133 11 133 11 133 11 14 177 14 11 133 11 14 11 14 11 14 11 14 177 88 128 88 21 2 56 2 21 88 177 14 11 133 13 133 11 14 11 14 177 14 11 133 13 54 150 54 13 133 11 133 13 54 13 54 150 54 13 133 11 133 13 54 150 66 150 66 150 66 121 36 52 36 121
54 164 64 79 7 79 64 79 7 157 7 79 7 157 72 70 72 157 7 79 7 79 7 157 7 79 64 79 7 79 7 157 7 157 72 70 87 70 72 157 7 79 64 79 64 79 7 79 7 79 64 164 64 79 64
10 8 159 28 25 78 25 78 25 28 25
74 49 155 49 149 82 149 82 149 82 127 120 127 82 127 82 127 82 127 120 156 120 127 120 127 82 127 82 127 82 149 49 155 45 31 45 31 187 31 187 31 187 151 187 151 33 65 33 151 187 31 45 31 45 31 45 31 45 31 187 151 187 151 187 151 187 151 187 31 187 151 187 31 187 31
19 138 99 138 115 138 99 138 115 92 94 39 98 132 162 165 81 165 81 165
95 143 185 172 95 172 185 143 97 99 141 140 141 140 131 152 131 152 163 152 163 152 131 152 163 93 163 152 131 140 131 152 131 152 163 93 163 93 163 93 158 102 158 102 126 176 40 125 44 125 44 125 40 176 126 176 126 102 158 93 158 93 158 102 158 102 126 176 126 102 158 102 158 102 158 102 158 93 158 93 158 102 158 102 126 176 126 176 126 176 40 125 40 125 44 9
92 126 176 126 102 126 102 158 102 126 176 40 176 40 176 40 176 126 102 158 93 163 152 131 140 141 99 97 99 97 46 19 46 19 144 160 75 160 75 160 75 160 75 160 144 160 75 160 75 113 75 160 75 160 75 160 75 160 144 160 144 19 46 97 46 19 144 160 75 113 118 113 75 160 75 113 118 113 75 160 144 19 144 160 144 160 75 160 75 160 144 160 144
41 172 95 172 185 143 185 143 185 172 185 172 95 172 185 172 185 172 95 172 95 172 95 83 95 83 181 83 95 172 95 172 185 172 95 83 181 137 148 42 55 43
27 125 44 9 123 9 123 9 44 125 44 125 44 9 123 9 44 9 44 125 44 125 40 176 126 102 158 102
