169 1620
68 138
18 121
93 158
20 162
22 154
152 165
8 63
28 162
73 82
57 163
94 167
22 117
10 158
103 122
12 59
88 124
52 98
17 64
61 151
92 120
40 142
65 154
22 157
33 34
16 38
34 144
81 139
12 50
108 126
19 96
80 146
102 169
30 111
35 96
92 119
45 71
70 81
7 15
12 90
73 92
41 43
81 140
10 128
103 104
36 167
76 78
42 74
82 165
49 52
3 112
60 103
70 72
109 163
2 168
38 97
29 55
36 95
7 149
84 150
51 71
60 143
67 71
72 154
55 115
26 45
50 151
69 137
2 82
29 161
15 114
20 111
24 106
60 134
66 166
31 82
39 146
1 52
21 57
28 157
69 114
53 131
131 156
17 37
20 118
83 155
85 131
13 49
31 91
18 60
48 145
28 101
33 86
57 88
11 116
97 98
17 30
18 164
76 114
14 136
38 50
48 136
58 81
22 75
25 136
124 159
16 112
93 126
97 123
5 18
22 58
64 167
100 144
103 133
112 147
6 51
17 160
23 142
32 126
1 31
152 157
124 150
62 68
29 133
101 120
18 41
134 142
53 118
1 16
2 158
30 133
2 49
97 117
100 134
125 138
24 77
25 65
82 114
49 123
72 164
35 56
122 156
79 101
44 73
27 131
101 136
30 140
15 55
6 149
122 126
125 131
43 144
65 163
141 153
17 139
91 140
38 94
39 164
42 149
14 23
73 140
83 103
52 128
126 139
17 98
56 67
61 121
62 121
81 94
28 40
50 125
42 156
29 71
11 49
1 123
117 164
121 161
55 146
37 104
103 166
87 104
24 162
43 142
68 158
70 115
44 167
145 150
129 167
2 98
88 104
36 133
102 130
67 124
92 108
59 93
23 51
45 98
13 121
42 142
11 47
53 83
54 67
2 125
95 135
81 167
8 129
33 143
19 76
38 152
150 156
12 149
79 159
50 102
143 169
18 127
93 132
2 116
38 147
42 94
30 98
87 119
125 160
46 162
68 139
38 125
95 100
48 87
104 116
57 162
81 145
13 130
41 73
80 156
12 139
20 59
111 122
45 77
65 153
140 154
71 103
38 116
118 134
69 157
148 153
78 94
123 166
106 146
51 120
150 161
6 90
30 108
92 112
14 85
1 32
34 168
72 75
16 30
5 52
26 75
156 160
108 118
56 116
77 87
82 162
66 85
1 57
74 132
21 54
115 135
68 119
69 143
34 163
33 51
5 61
78 168
27 64
20 97
5 78
127 160
23 101
8 77
26 42
63 99
11 121
33 52
69 136
72 121
55 165
94 128
119 136
130 143
42 61
24 107
82 148
83 149
67 79
13 55
87 129
57 86
21 56
68 101
75 157
58 63
7 138
30 57
16 146
17 36
133 139
12 166
86 165
144 161
4 120
48 97
22 32
5 40
64 161
34 63
77 123
6 57
49 87
14 137
3 111
97 152
23 112
134 157
89 121
87 151
21 74
51 53
97 122
27 44
81 113
31 72
38 42
64 70
28 116
1 30
22 67
11 101
12 109
53 157
43 165
35 50
4 85
64 93
33 120
110 126
1 23
21 92
46 76
11 154
68 89
15 41
118 121
27 58
29 157
87 92
77 102
155 158
85 166
106 125
72 165
40 78
97 163
32 141
33 113
114 124
44 74
16 102
55 159
62 119
25 73
6 37
65 162
102 105
3 75
4 91
9 144
45 135
115 127
68 79
17 97
41 107
64 132
67 113
103 168
45 111
40 60
9 153
53 64
79 106
8 148
46 97
48 59
56 75
20 32
59 71
81 86
35 46
60 62
145 149
26 109
11 134
69 73
17 83
24 59
42 109
62 104
12 159
46 145
40 42
38 64
42 143
63 88
48 90
69 161
53 82
104 150
52 158
36 141
67 100
89 151
125 166
92 100
112 165
65 142
20 165
4 63
99 123
9 140
63 65
67 130
142 165
72 87
54 91
52 101
20 78
61 156
12 141
87 118
108 153
127 143
152 167
44 141
34 151
73 80
57 161
52 108
61 149
63 145
84 89
3 149
8 40
100 121
148 154
10 135
52 107
35 149
38 130
130 163
63 158
12 131
92 113
37 133
55 127
3 13
25 56
117 119
21 44
80 109
7 9
11 74
105 123
56 134
78 166
79 92
7 158
84 137
52 114
42 72
83 134
86 145
55 116
37 142
39 158
60 97
120 129
70 78
2 166
38 103
115 134
44 122
69 142
94 158
59 168
61 79
9 57
29 166
52 121
60 137
83 143
55 77
62 129
85 96
146 164
99 156
12 74
2 80
94 129
103 152
16 156
52 64
54 169
60 128
55 74
3 96
24 155
23 125
26 131
64 114
28 104
87 128
57 85
44 104
68 102
69 112
124 139
53 129
9 43
103 145
20 112
4 121
26 138
64 73
28 103
11 25
50 52
58 84
25 133
7 109
101 146
46 56
16 123
56 162
131 135
51 92
24 122
60 150
6 62
85 138
31 66
13 40
14 142
3 110
48 138
51 135
89 120
57 103
96 134
21 73
68 84
53 147
19 31
98 105
6 166
16 129
19 140
26 156
11 23
152 159
43 77
121 139
68 83
51 61
126 148
75 131
61 108
34 78
15 80
41 128
43 164
50 78
122 147
51 149
53 116
95 164
83 91
121 140
12 101
16 96
94 100
29 156
132 155
85 165
49 121
1 111
44 75
126 134
2 6
64 142
102 159
86 110
21 139
107 113
113 157
39 166
11 58
57 131
76 169
83 105
36 145
42 120
10 65
3 34
24 93
25 81
28 42
107 118
17 130
9 152
123 135
17 89
9 122
125 147
34 82
25 90
50 114
147 158
20 144
11 40
70 128
44 48
101 161
121 168
48 51
69 72
36 135
75 164
66 116
127 152
82 84
46 150
50 109
13 119
14 127
71 122
21 23
34 130
36 63
22 126
13 142
17 75
20 64
100 163
127 129
91 125
3 25
60 94
50 100
74 110
75 116
20 166
4 56
94 163
22 113
76 92
5 104
80 167
10 101
127 142
20 62
21 168
3 30
140 157
14 73
90 134
70 90
38 115
39 67
63 73
29 41
67 138
34 148
104 133
88 127
51 117
13 128
49 63
34 118
65 159
93 148
38 106
100 122
33 39
69 155
128 168
148 155
78 92
81 136
26 78
84 131
106 144
112 124
66 88
30 82
158 167
34 113
55 126
59 123
24 135
117 118
65 144
18 102
21 43
63 127
12 85
56 135
2 95
129 154
81 129
27 77
9 55
106 155
33 169
113 123
6 83
136 142
82 160
31 105
15 158
33 64
87 141
18 97
48 126
29 52
12 76
73 74
36 90
26 80
33 162
109 119
1 135
97 139
24 149
4 116
8 79
65 98
138 165
87 138
99 159
26 40
48 117
47 167
68 120
54 63
55 167
2 81
37 93
26 91
27 91
103 155
51 81
130 141
25 97
107 166
72 132
97 140
32 108
87 131
146 156
76 144
80 83
11 112
105 109
50 141
124 132
142 144
93 105
55 66
3 104
39 132
65 124
85 113
32 99
89 118
143 154
109 139
44 96
46 57
11 105
72 105
36 119
131 134
52 87
20 120
101 115
157 161
49 85
107 148
49 166
18 69
5 142
53 146
37 72
94 123
9 84
30 41
34 52
16 130
52 94
19 143
130 150
23 26
79 169
10 61
102 122
85 146
14 150
17 165
43 63
62 162
51 143
98 142
12 111
17 124
36 101
75 130
4 142
27 39
125 142
85 155
14 153
18 36
110 141
33 126
96 149
30 136
42 119
78 148
114 152
17 151
97 161
42 169
67 163
99 169
46 85
47 73
121 148
36 107
55 153
77 140
61 125
100 136
119 124
29 148
34 65
125 128
54 132
19 162
3 60
79 132
82 104
50 65
32 134
14 26
1 103
114 117
78 119
83 104
17 103
19 58
123 126
127 149
91 105
20 27
23 62
6 18
43 138
68 146
14 114
110 166
113 149
67 145
22 109
7 70
47 95
17 88
71 165
56 77
2 25
139 144
87 101
68 153
14 117
91 159
113 142
11 43
16 62
73 163
26 107
46 110
5 101
61 136
12 153
92 111
112 160
96 106
21 165
65 139
46 151
50 106
88 137
113 135
38 70
95 115
27 96
16 68
17 74
36 143
19 81
42 82
13 30
87 123
92 102
79 152
65 140
50 101
32 51
93 129
47 133
54 89
22 118
10 147
58 135
136 154
9 108
12 143
86 130
37 145
25 44
38 112
100 124
1 68
57 167
117 133
119 161
103 118
52 110
86 133
35 127
64 104
88 158
71 96
39 123
21 33
95 110
69 154
10 133
47 120
108 122
71 134
130 161
24 25
45 50
72 144
1 37
39 112
4 22
80 111
9 165
28 140
69 131
1 86
27 76
106 152
33 168
35 156
37 59
42 54
60 140
31 104
72 151
121 123
85 101
2 164
99 153
100 105
104 108
2 87
29 164
52 123
17 47
56 126
20 108
31 81
97 138
60 122
8 112
32 86
71 79
39 102
80 93
44 115
53 134
55 166
9 32
1 159
39 142
8 119
33 81
14 45
89 108
96 138
99 135
27 162
94 142
9 41
103 147
16 149
19 128
24 117
83 159
13 45
31 71
38 63
8 126
134 153
11 27
109 138
115 159
5 132
44 97
46 62
69 103
52 161
128 140
2 32
61 88
52 80
38 167
60 144
24 124
6 60
17 163
111 169
3 80
4 98
97 157
23 141
11 16
121 128
69 96
53 145
94 120
62 65
9 91
27 33
29 136
77 113
25 123
82 124
62 163
48 131
51 142
90 127
43 79
83 84
101 130
11 102
69 105
97 112
112 142
3 49
81 111
82 119
14 158
122 145
58 111
78 106
101 139
98 121
19 156
114 153
77 99
102 117
85 163
106 120
23 152
145 167
2 149
123 139
16 89
36 148
2 4
41 103
77 139
98 112
102 157
79 135
82 105
110 156
3 76
42 145
52 140
126 143
37 107
41 104
6 128
10 79
20 36
23 57
31 41
90 160
38 85
42 152
63 87
32 158
95 157
98 147
44 59
26 97
36 154
5 123
86 126
21 155
43 130
39 86
116 142
67 153
81 162
26 104
88 108
13 147
150 153
34 107
96 107
25 33
6 13
28 58
32 61
68 129
75 113
40 45
113 134
48 93
81 155
61 128
35 112
1 160
55 109
65 131
71 109
44 145
16 45
11 169
104 128
63 149
10 99
34 125
20 56
38 113
57 166
151 163
160 169
38 142
49 61
14 167
23 90
62 147
43 127
48 66
10 130
5 88
6 94
82 167
66 86
30 80
24 137
23 83
65 150
71 88
43 116
99 147
22 24
27 79
17 53
109 124
82 158
105 154
1 140
65 111
120 132
90 145
1 61
74 128
76 156
58 70
115 139
118 148
55 168
26 94
117 159
29 163
58 152
83 144
139 162
3 124
87 132
39 97
3 141
80 94
44 108
69 116
72 125
53 133
6 67
135 158
49 89
1 158
62 143
84 120
85 118
33 80
143 159
18 81
76 146
5 154
26 49
12 124
58 59
4 147
61 94
10 166
30 61
24 118
37 166
8 127
122 133
51 131
44 98
48 101
69 102
53 151
2 33
94 118
78 129
119 154
103 139
82 130
161 164
14 141
23 140
48 141
32 124
87 147
70 169
7 103
69 111
52 169
124 148
17 121
55 140
167 168
98 100
86 88
130 148
132 144
24 68
81 117
107 143
4 106
101 129
47 69
15 44
10 83
15 93
54 136
112 143
107 132
45 145
32 138
87 161
58 108
96 151
95 161
46 80
68 69
69 81
15 53
98 118
100 131
137 159
20 23
3 57
114 150
43 158
40 50
3 70
67 165
70 146
121 154
123 138
124 161
126 133
78 157
27 55
31 146
34 95
125 158
23 35
43 151
141 148
90 166
40 57
1 101
129 168
96 165
55 144
5 113
9 118
60 76
11 52
54 74
57 137
21 115
11 133
12 13
71 167
36 155
30 114
31 128
86 127
125 144
127 156
21 154
46 146
138 147
20 147
39 81
4 53
7 40
11 45
2 127
22 122
46 108
52 147
36 130
6 115
9 96
89 146
127 133
40 159
91 150
74 98
113 133
95 125
9 143
63 68
54 68
92 143
36 58
26 112
27 98
9 24
46 119
10 150
5 108
108 158
91 126
55 108
60 89
45 86
95 122
152 164
4 59
69 150
11 168
76 95
80 154
6 109
66 69
30 103
87 114
34 122
89 156
59 110
88 153
14 76
53 63
47 140
67 143
69 159
16 37
54 86
2 72
59 153
78 88
151 162
11 161
123 164
47 125
37 55
80 145
34 117
92 118
96 113
24 131
60 111
14 87
21 47
3 153
4 41
118 155
5 54
79 83
103 105
51 127
33 149
37 48
5 71
133 146
83 133
72 146
55 123
37 129
39 157
140 142
1 59
44 127
26 37
34 165
56 138
92 147
59 151
41 45
29 169
51 68
16 162
108 115
56 121
113 120
63 131
30 88
72 153
40 98
120 133
90 158
109 157
1 60
80 88
100 107
47 155
104 110
36 69
7 147
20 110
58 153
24 105
5 73
66 169
97 136
24 152
60 116
84 114
143 145
57 80
4 6
5 144
44 109
26 55
56 152
36 76
84 155
103 148
51 82
34 38
60 156
25 102
49 88
31 88
38 58
60 115
87 156
76 147
21 67
5 153
48 111
2 39
62 85
84 162
6 59
83 161
49 81
144 166
28 99
48 151
18 73
96 131
25 137
99 142
101 158
69 101
72 108
4 155
9 80
84 169
38 165
18 49
43 59
116 166
32 125
89 124
73 154
96 154
124 149
36 121
2 57
78 137
52 89
85 159
50 83
14 149
4 107
97 148
8 110
110 120
2 129
96 145
121 143
30 132
73 108
55 132
10 80
3 51
21 133
132 152
88 169
45 144
33 115
78 104
98 132
7 84
128 147
31 148
77 97
18 26
113 152
45 137
39 58
69 89
64 130
52 54
54 155
19 167
3 33
43 150
23 34
90 167
18 21
75 76
113 145
4 64
7 53
92 163
57 135
98 150
46 99
121 162
12 23
126 141
15 58
37 105
77 130
24 50
67 116
86 101
114 137
32 33
31 43
13 65
7 50
63 81
67 146
7 67
27 151
12 14
88 103
16 73
71 166
75 163
60 68
46 147
4 54
23 161
48 88
1 118
95 132
79 126
13 145
19 77
61 133
27 29
35 77
96 109
59 83
28 52
75 115
116 151
9 142
7 32
11 37
67 128
36 59
22 114
104 155
33 129
16 71
71 148
111 114
96 100
46 157
62
48 105 83 103 145 81 129 68 119 117 51 61 30 82 73 64 27 98 30 88 124 114 111 60 122 95 2 127 18 26 40 159 55 66 169 42 72 31 88 104 150 104 82 165 152 38 152 113 133
87 29 164 2 116 43 138 56 46 110 86 81 51 149 51 120 51 3 80 3 96 3 80 30 41 45 13 121 98 17 89 68 69 161 119 109 71 45 111 60 156 76 14 149 33 27 96 3 51 23 57 40 60 111 60 111 65 98 100 105 103 7 70 64 38 64 73 21 139 17 89 108 89 118 24 107 41 4 142 136 142 140 60 94 80 83 17 163
30 165 9 24 152 79 92 111 20 108 5 108 89 60 137 24 68 1 60 1 158 43 116 104 108 5 54 91 9 84 82
55 151 116 104 155 103 155 69 101 139 123 5 101 85 113 38 64 70 90 25 33 169 160 112 160 156 122 97 152 79 8 127 2 39 123 99 153 99 10 128 104 41 18 102 122 133 83 23 83 144 20 64 167 145 167 47
70 113 133 61 88 169 160 156 127 149 127 86 1 118 117 51 143 92 120 20 108 58 70 38 64 33 149 24 9 108 30 132 152 58 111 12 111 12 74 42 54 67 56 162 151 53 133 104 41 29 133 86 165 38 103 7 32 138 85 118 92 102 169 42 40 11 58 36 18 26 107
89 78 104 62 20 36 63 43 59 1 68 146 156 26 138 165 21 139 81 69 81 51 23 83 84 82 2 49 81 70 72 165 96 71 59 153 134 71 67 163 97 20 162 27 96 113 157 69 81 58 19 77 139 68 119 117 102 122 156 131 24 107 24 50 78 94 60 6 83 91 140 30 108 73 92 51 23 83 133 21 43 77 8 148 154 143 19 167 94 100
61 130 143 33 25 33 3 75 22 24 68 101 130 13 145 44 74 132 87 156 61 51 120 20 162 24 152 114 76 60 18 36 143 169 11 40 28 42 145 81 140 23 83 144 106 120 101 50 78 104 3 33 32 33 81 70 146 53 17 103 69 47
40 8 126 91 105 100 92 21 54 155 83 10 128 10 99 46 80 26 104 82 84 89 52 128 67 56 25 137 114 82 160 17 47 133 103 38 16 102 25 133 21
87 37 133 29 52 114 137 14 114 153 14 167 44 167 168 103 17 30 1 160 1 60 62 60 128 147 20 110 74 12 166 12 101 79 169 52 161 124 24 105 24 118 24 124 65 50 45 26 55 168 103 7 138 87 101 158 125 158 14 150 161 95 47 11 161 164 72 121 161 95 100 50 65 162 56 126 134 131 87 161 64 114 52 1 52 1 57 80
17 109 163 29 156 146 85 62 65 10 101 129 37 72 75 116 55 159
13 58 22 113 134 90 158 2 39 81 19 58 28 101
21 45 77 97 161 144 142 40 11 25 123 138 165 86 81 155 106 78 20 147 46 76
59 15 93 158 43 151 89 124 150 153 150 130 161 150 69 154 72 154 136 97 157 69 73 140 65 98 112 23 140 1 68 62 129 62 162 24 9 165 152 38 113 92 21 139 144 72 75 22 157 28 58 59 153 67 143 154 5 61 1 59
23 96 154 148 153 5 144 76 92 100 98 17 103 155 118 89 69 66 48 87 151 50 35 23
98 11 49 3 49 61 51 61 30 140 60 150 14 149 2 166 66 69 47 140 65 10 61 94 128 6 57 135 57 131 69 47 17 53 83 80 145 45 111 122 156 19 167 158 135 99 32 138 68 153 99 46 150 156 61 94 158 147 103 88 86 165 72 125 34 63 4 6 109 42 152 23 140 1 30 108 32 33 126 148 78 40 7 40 5 40 11 154 65 163 85 118 148 155 81 169 111 58 36
21 21 92 76 147 62 6 59 43 150 156 61 30 16 123 55 167 55 13 55 146 106
30 81 169 69 73 44 115 64 33 120 84 137 88 63 99 46 162 46 119 154 119 161 119 136 69 142 116 38 94 118 134
69 3 153 108 30 1 37 145 113 77 102 92 78 76 75 26 156 26 109 50 45 144 20 165 72 132 39 97 163 75 113 135 131 134 157 113 77 97 139 162 82 104 78 137 159 65 142 116 151 17 53 4 59 93 37 142 37 17 163 130 43 138 109 6 94 167 80 111 45 77
71 72 105 83 17 37 129 168 128 13 45 26 94 60 40 8 79 92 120 89 52 123 25 102 39 27 151 43 11 40 5 52 33 80 145 80 111 3 34 113 22 117 97 157 28 116 75 26 45 16 30 16 68 84 162 27 131 85 14 153 65 150 65 150 104 150 65 139 68 1 16 73
17 70 169 70 115 108 158 10 166 78 92 119 109 163 34 144 9 165
37 97 139 103 122 22 157 69 73 163 67 39 157 46 150 10 130 86 101 86 88 137 114 15 7 103 168 129 87 49 13 6 128 67 39 123 138 109
48 11 161 144 139 81 155 83 105 31 88 48 138 97 140 142 94 100 124 12 90 70 38 103 166 6 94 100 98 142 43 59 168 59 4 121 143 83 149 33 52 34 65 13 65 139 101 161 11
70 25 133 86 145 90 134 131 87 14 76 144 166 71 134 131 135 79 169 111 69 116 56 4 64 70 64 38 70 146 89 49 87 131 96 151 17 103 41 103 139 12 59 58 111 80 167 71 5 142 23 20 112 38 130 67 138 85 146 31 71 79 43 158 1 59 20 112 26 40 142
10 28 52 128 140 97 138 48 97 122 126
92 79 101 10 101 52 121 89 146 16 30 13 130 161 150 145 44 145 113 22 157 46 62 104 83 144 106 120 106 50 78 50 65 150 114 82 84 114 22 75 131 24 93 158 90 12 76 14 153 5 73 5 104 128 121 4 120 20 59 48 97 112 26 91 105 37 105 31 71 165 72 121 100 92 112 98 45 13 121 17 75 3 57 137 84 7 138 96 113 67 100 122 71
58 68 129 78 106 78 166 107 118 121 89 16 146 70 169 102 77 55 116 11 105 102 92 147 103 83 17 88 66 48 138 7 149 42 28 116 28 140 73 154 72 105 102 117 24 155 83 79 67 7 53 116 151 89 121 100 121 98 142
26 148 107 166 57 6 67 153 68 146 31 88 86 81 25 44 145 37 48 101 86 39 158 147 20 62 85
55 5 101 146 76 156 99 156 42 94 6 90 36 143 83 161 119 46 145 37 16 102 16 73 5 108 88 57 40 57 88 31 88 48 97 98 40 50 101 1 111 48 59 110 95 47 140 77 35 77 43 41 103 147 52 5
79 157 102 169 84 150 84 7 9 32 124 159 115 60 111 30 57 163 65 34 163 73 82 162 46 110 166 125 32 138 97 39 33 21 155 47 140 47 21 168 121 56 162 151 87 141 23 34 165 71 45 13 3 110 104 31 81 58 39 132 72 37 59 71 51 23 112 98 4 6 83 161 121 17 88 66 169 54 132 64
67 16 130 102 39 142 165 43 59 36 155 36 76 78 94 42 142 38 130 34 65 34 130 43 116 142 14 87 128 31 81 155 103 83 84 82 130 17 75 131 26 104 3 57 3 30 133 11 58 59 71 59 71 5 71 96 165 72 108 9 24 93 126 143 112 92 143 159
89 42 72 108 44 48 87 141 153 68 79 106 50 102 169 99 147 46 108 52 98 27 162 46 145 90 158 68 63 58 153 59 1 31 104 128 41 128 94 123 97 98 121 89 108 55 29 169 99 156 122 156 146 101 146 55 29 156 110 52 128 31 91 159 83 161 64 167 94 38 94 158 39 81 111 48 59 24 25 11 40 8 119 36 155 106 78 34 163 100
20 42 74 12 23 101 87 48 93 15 7 70 90 127 152 97 140 121 56 25 97
17 3 25 3 25 33 80 15 53 7 40 98 27 98 112 160 82 30
79 27 44 167 80 9 153 59 71 5 88 66 31 43 31 88 61 30 13 49 52 98 142 165 38 64 27 33 149 61 108 5 61 121 123 139 97 117 114 69 136 54 63 53 4 53 131 100 134 100 92 120 51 23 62 147 158 1 16 89 156 26 37 59 151 50 45 14 127 2 168 11 121 98 65 131 84 131 65 63
25 57 88 30 16 73 154 143 145 149 2 87 49 121 161 121 168 2 25 44 15 93 129 8 112 38
72 119 154 80 111 20 64 17 130 13 130 77 113 96 131 134 83 91 54 86 165 152 165 152 9 118 92 163 57 131 24 105 98 97 26 131 51 117 48 97 122 156 122 126 91 9 7 103 88 49 52 110 126 91 4 22 113 149 83 50 38 130 38 34 117 114 87 49 3 13 65 131 84
55 122 126 93 126 8 77 97 138 125 147 46 35 127 14 127 55 123 49 63 43 11 116 104 128 6 90 158 90 127 160 90 48 66 31 19 162 28 157 78 34 3 80 73 163 73 18 26 131 65 144 132 155 104 64 73
40 101 136 119 92 73 64 93 24 9 80 88 103 88 66 116 11 37 166 10 128 41 43 21 47 69 103 28 116 53 118 155 85 66 86 54 74 128 67 153 141
84 39 112 35 56 46 62 46 162 33 126 33 143 92 51 143 154 72 70 90 134 83 17 75 115 75 26 97 163 100 92 163 34 151 87 151 48 151 162 57 163 73 14 76 75 17 89 120 33 34 130 77 56 138 97 17 88 71 16 123 113 92 73 25 33 64 17 64 33 143 130 17 130 141 130 82 167 152 9 57 167 71 45 16 123
99 48 97 46 108 61 30 57 131 51 117 159 143 83 103 69 18 81 33 120 68 146 68 83 91 150 91 125 160 125 95 36 135 79 92 120 101 87 104 103 147 53 133 120 42 156 76 146 164 75 44 75 164 152 114 87 147 20 59 4 2 57 161 157 97 117 34 125 50 78 94 6 83 59 24 122 22 4 116 69 101 129 120 89 52 147 52 80 9 165 38 106 96 131 96 44 75 3 76 156
23 89 17 89 118 92 112 11 47 140 28 116 66 116 104 28 101 48 138 43 127 129 127 8
15 86 127 152 167 57 86 45 13 65 140 65 150 43 150 10
80 31 105 102 169 143 9 55 140 154 5 71 166 78 166 29 55 26 138 96 107 52 94 158 63 38 34 65 98 45 26 37 26 45 16 45 145 150 10 80 109 163 92 73 14 136 25 56 152 38 112 16 112 3 57 86 130 161 64 4 53 83 134 131 69 105 102 105 123 135 123 25 123 138 48 131 69 101 5 78 20
80 71 88 5 132 79 67 113 149 83 91 105 83 17 64 132 144 34 82 130 38 64 167 81 169 52 107 100 94 128 6 18 36 90 36 20 118 107 113 142 69 66 31 148 31 148 97 20 166 57 135 95 132 95 122 156 76 12 101 129 167 94 81 145 90 48 88 48 97 148 141 14 23 26 49 123 87 49 13 45 135
45 32 138 26 80 57 9 153 3 34 163 94 123 59 12 23 11 40 7 53 147 125 91 4 41 15 80 93 48 66 86 66 69 155 54 63 127 143 121 162 62 16 68 138 97 117
56 32 158 7 40 11 134 157 53 146 68 102 68 158 7 147 13 12 76 14 73 64 104 26 45 50 114 137 159 152 56 46 62 104 41 31 66 166 39 132 54 169 143 92 79 92 102 39 123 77 87 151 17 83 6 90 158
84 107 100 124 12 23 14 153 12 76 169 29 169 42 28 58 63 49 18 121 98 65 140 28 116 104 103 118 155 118 108 55 166 116 142 69 47 120 51 3 104 82 53 118 92 118 92 118 121 89 124 109 55 168 34 165 85 46 147 98 52 1 16 11 105 82 158 2 6 94 120 129 87 138 85 62 65 25 33 143 12 109 6 62 68
80 43 144 55 13 147 53 151 163 67 124 109 138 67 100 67 116 104 150 60 143 51 53 15 7 40 98 27 96 154 21 67 165 96 149 61 151 46 145 36 141 110 104 82 119 46 157 28 162 33 120 92 147 103 152 42 145 81 139 109 12 131 134 56 77 87 118 108 55 123 97 148 8 119 68 129 94 78 50 141 110
92 85 165 20 64 33 81 162 57 166 57 163 92 73 140 65 34 168 59 83 134 56 135 123 87 63 54 91 26 45 26 109 22 24 155 132 107 4 107 118 87 63 149 16 162 16 68 16 62 85 49 123 105 24 152 9 144 132 93 126 110 74 110 141 3 111 169 81 145 167 158 88 61 1 68 83 161 11 43 142 113 149 16 112 35 46 57 80 57 6 62 104 26
55 48 93 132 98 121 154 80 15 53 82 148 103 148 97 25 44 109 105 93 24 105 93 15 41 9 122 133 47 133 25 11 23 161 130 163 97 140 23 90 145 67 54 21 57 86 32 33 52 28 58 135 10 83 53 118
20 12 139 81 31 105 37 129 87 63 127 90 166 6 109 105 154 21 168 11 43
26 7 158 88 158 112 8 77 19 77 113 120 84 83 6 128 41 104 87 104 103 88 78 166 10 83 84
70 51 120 92 119 46 162 151 43 165 17 160 127 152 23 21 57 3 111 114 153 88 103 83 155 132 64 130 67 124 161 150 145 44 59 83 6 115 38 167 80 15 41 43 144 166 37 17 98 44 109 139 65 50 151 89 146 164 43 130 67 100 136 25 136 29 41 29 163 130 43
23 114 84 162 20 166 107 96 151 116 166 29 71 29 156 89 146 53 15 44 115 44 127 55
39 28 52 158 93 48 111 45 111 1 135 131 65 98 65 159 40 57 135 131 156 99 77 8 129 37 55 9 91 83 155 21 155 118 9 143 112 98 147 53
76 113 123 164 39 86 126 123 113 92 108 115 44 25 97 148 29 148 153 88 78 129 81 169 70 169 111 69 103 28 104 28 101 161 87 161 23 14 150 145 113 152 103 166 71 16 156 26 37 104 62 147 52 101 28 58 15 7 109 138 32 134 115 134 56 152 113 120 113 149 127 156 87 128 87 49 88
42 30 80 156 127 129 93 37 142 40 13 130 163 17 103 118 148 107 113 134 96 85 66 86 133 117 24 9 91 126 143 62 6 83 23 12 139 126 8 79 71 29 163
81 43 142 69 137 45 26 18 97 77 139 162 24 117 159 124 132 124 114 137 88 48 90 70 169 79 101 129 87 104 78 168 33 25 33 39 81 167 47 155 158 93 48 151 61 30 140 52 98 150 98 30 16 102 77 97 39 157 97 163 100 105 93 80 111 45 40 5 78 26 112 98 2 95 122 147 46 85 14 117 118 9
36 43 63 34 125 50 78 137 159 40 130 77 123 49 2 57 103 7 149 42 72 31 66 48 145 150 84 131 12 149 145 96 106 4 59 48 97
16 79 106 50 83 149 113 75 163 65 163 67 22 109 138 147 38
56 12 166 55 109 22 24 149 124 139 65 50 24 9 122 102 11 168 121 143 107 166 10 83 133 86 126 48 126 48 44 109 44 122 22 67 130 77 139 144 55 126 32 1 32 134 113 107 166 103 71 31 146 156 16 11 45
22 31 146 164 95 76 114 152 58 38 116 104 3 96 145 90 167 80 109 80 26 23 14
