155 1831
68 138
38 124
99 126
104 115
73 82
2 78
41 57
8 142
104 130
13 131
45 61
15 143
91 118
116 118
140 153
71 100
1 40
3 147
39 127
80 116
48 77
73 91
106 149
56 108
38 140
42 67
80 146
66 93
55 125
59 102
140 144
32 68
90 141
38 110
100 102
47 148
94 145
17 50
5 70
45 47
105 151
35 105
60 103
23 109
49 133
32 91
70 72
43 118
69 128
37 87
2 91
26 85
51 71
42 53
5 79
6 87
67 71
31 85
85 98
71 83
39 106
43 111
104 111
54 56
131 151
16 154
20 111
63 139
65 102
87 134
4 7
44 110
7 122
48 105
11 127
46 51
73 119
93 108
94 138
7 139
30 56
51 85
15 123
17 37
37 42
83 155
105 138
107 154
72 136
38 59
3 103
4 127
58 86
76 140
4 14
68 99
128 136
19 20
2 36
97 98
5 41
61 92
82 137
14 136
72 143
38 50
65 112
51 133
89 122
73 144
76 139
5 129
7 104
11 109
128 143
2 63
27 45
16 143
52 83
130 155
60 147
25 119
50 89
13 35
14 147
74 83
40 95
28 123
53 109
18 65
109 128
58 88
21 84
22 66
124 150
16 119
73 106
18 150
25 120
101 120
14 154
17 153
4 84
78 102
43 64
44 82
126 153
17 112
36 97
19 43
41 122
98 125
9 65
27 59
24 77
43 155
81 108
17 146
8 22
64 83
45 143
29 117
51 152
70 153
73 139
54 103
114 127
44 73
7 87
83 94
46 86
36 104
2 8
94 105
125 131
34 66
32 131
114 118
37 111
2 3
41 100
62 121
9 115
23 61
25 83
66 151
17 140
147 151
75 79
65 85
70 139
78 123
79 107
37 104
9 116
66 127
40 147
60 78
49 110
14 118
107 109
74 126
1 124
21 113
39 43
47 91
6 126
34 111
46 144
39 83
9 132
8 129
33 143
61 132
6 113
96 110
45 91
32 48
88 141
14 64
68 140
42 137
48 80
41 55
27 100
12 61
103 124
52 100
150 151
12 140
35 117
20 60
13 107
8 32
34 150
2 79
78 87
26 121
8 143
104 131
88 125
58 131
66 67
49 57
30 101
108 151
20 59
60 82
23 94
140 154
88 155
14 82
53 61
39 126
99 102
7 17
29 36
59 155
79 84
35 146
108 127
17 56
5 92
45 53
111 131
3 10
24 133
14 85
71 92
38 111
80 108
35 155
38 132
42 75
5 69
105 150
3 115
84 110
115 135
29 54
37 86
7 148
37 39
6 84
59 119
120 135
87 136
1 50
57 77
74 143
43 110
12 73
33 52
56 147
61 73
27 89
15 125
76 125
24 107
82 148
1 154
40 107
8 116
120 142
33 92
14 46
1 11
57 86
76 150
26 53
48 106
12 64
69 113
142 146
56 154
36 78
93 107
17 36
35 142
4 120
64 72
48 146
28 102
26 60
50 134
36 117
51 93
17 29
85 139
39 131
97 152
90 105
18 71
109 134
25 143
73 96
4 133
97 122
130 152
10 63
31 72
23 137
51 141
58 89
22 67
101 133
121 132
124 151
16 104
17 126
73 105
128 135
55 137
6 152
102 127
13 91
107 128
35 50
8 16
54 109
149 151
101 142
83 88
69 85
77 149
6 147
27 58
47 55
34 72
15 94
54 143
112 130
43 154
10 33
102 118
106 125
45 142
53 126
22 93
78 110
83 97
15 54
41 98
98 117
78 153
64 141
27 51
47 60
18 137
21 140
81 100
13 77
141 152
3 75
21 110
22 84
46 94
56 68
41 107
62 126
119 123
139 153
34 90
24 92
132 136
6 28
82 101
43 136
91 132
116 132
7 55
65 84
45 128
29 70
89 94
70 136
53 64
54 118
1 122
57 133
58 125
39 45
95 144
98 148
8 148
83 111
48 59
123 132
12 17
16 84
19 65
2 27
5 126
9 123
137 142
66 124
67 118
52 63
127 144
81 86
46 142
17 132
42 132
11 41
67 148
32 146
16 60
70 131
36 55
21 112
9 19
83 116
69 73
40 155
20 47
43 134
82 87
38 64
72 80
36 62
57 151
79 120
9 20
83 125
46 115
123 146
66 78
139 140
12 150
91 122
96 111
60 93
68 141
74 97
75 117
8 58
7 34
72 87
57 152
46 122
88 119
51 109
136 152
67 109
12 141
55 105
60 84
25 46
71 105
18 119
95 103
7 27
104 117
92 129
41 63
117 135
71 143
41 72
13 18
31 120
90 128
1 46
21 35
48 79
10 135
84 130
47 126
33 145
108 120
15 97
56 110
38 130
30 109
92 113
55 127
23 86
33 72
90 139
74 154
115 129
44 131
63 124
47 150
105 123
12 84
33 57
94 151
81 130
35 154
77 86
136 141
30 84
86 145
55 116
23 111
14 93
90 146
57 75
26 32
48 125
131 144
12 34
51 73
15 119
109 120
19 112
133 152
10 24
67 73
23 100
8 78
121 126
4 26
69 119
72 122
54 62
119 139
103 152
130 140
72 131
40 108
64 114
32 107
87 128
18 82
1 10
96 136
80 82
11 113
53 129
37 71
94 136
5 46
61 65
130 135
6 71
30 73
72 138
134 155
14 54
76 142
11 118
53 138
73 126
19 22
2 34
98 110
9 44
119 153
30 33
51 92
34 60
25 108
82 135
144 153
55 88
85 123
89 120
90 118
76 133
43 84
44 94
7 106
51 52
72 111
128 129
36 125
9 85
100 146
29 138
30 40
34 55
77 115
81 112
135 136
49 79
85 147
50 87
107 138
110 133
38 43
3 87
40 65
30 128
68 83
16 105
19 36
9 94
100 153
29 131
34 78
125 143
18 148
107 131
40 72
23 129
29 122
11 12
110 127
96 148
149 150
22 91
7 88
46 77
16 96
41 120
24 32
78 151
77 148
118 126
19 154
114 155
41 137
91 137
3 69
134 135
122 154
32 142
73 137
2 151
21 100
61 126
62 116
100 143
119 125
34 64
21 139
45 117
38 92
4 68
7 57
45 134
32 133
54 124
39 55
123 142
16 94
41 106
153 155
62 127
9 113
67 112
123 127
89 131
125 154
114 141
50 123
31 47
38 87
116 133
9 152
145 147
95 147
48 60
11 128
123 135
56 76
19 64
62 102
67 121
125 147
6 20
28 33
50 114
88 129
13 126
38 78
113 143
63 82
11 40
34 139
48 51
42 106
139 150
12 152
89 141
127 152
3 16
59 95
79 144
6 15
50 109
13 119
14 127
38 65
39 77
99 117
48 91
88 113
15 21
5 111
136 146
27 30
10 122
111 118
32 50
4 56
63 64
48 82
11 38
78 82
26 124
9 28
27 102
13 135
15 18
86 141
15 131
37 146
90 134
93 155
95 102
100 115
92 130
2 77
78 85
27 127
47 112
52 109
17 69
71 142
92 123
111 132
8 90
21 34
47 136
105 113
92 153
27 116
103 108
51 122
15 96
77 92
63 153
34 113
60 107
116 120
49 129
140 147
90 136
18 102
115 128
44 124
129 154
26 73
9 55
113 123
24 31
86 150
37 141
59 112
23 110
117 127
84 104
85 102
70 79
74 130
57 74
1 63
43 107
100 104
63 100
29 52
5 59
26 80
12 35
56 125
113 124
91 94
111 147
39 150
8 79
33 89
44 114
26 40
68 120
69 118
124 141
73 115
54 63
119 138
106 141
19 120
20 106
42 59
6 77
13 53
92 95
55 69
120 144
89 109
14 44
87 131
21 70
26 51
44 105
53 128
73 116
93 105
94 137
76 118
82 141
10 11
72 139
120 151
25 132
99 141
28 151
72 105
36 119
75 148
93 98
76 109
77 121
50 93
107 148
38 49
40 91
8 100
26 146
64 65
11 17
85 122
29 103
53 97
110 114
12 112
69 97
51 55
5 31
61 82
100 147
29 137
19 143
24 66
23 26
49 78
110 138
65 78
51 143
1 28
21 81
78 98
43 76
25 150
46 75
124 145
16 106
19 39
77 154
86 93
125 142
54 138
130 145
59 61
66 137
49 71
50 79
35 52
3 95
11 15
90 121
43 69
44 77
121 147
68 91
69 83
24 33
118 127
34 70
41 136
82 113
31 56
14 96
20 132
8 25
65 88
28 68
53 124
2 148
114 122
21 99
22 83
7 80
123 136
52 132
126 135
98 115
9 79
10 71
122 125
29 148
54 132
3 60
24 87
43 149
45 116
4 69
32 134
54 125
58 112
114 117
68 73
15 57
126 142
37 108
2 30
5 115
61 118
64 134
153 154
89 130
25 80
6 18
45 109
141 143
28 90
21 117
95 146
8 150
7 70
123 134
52 138
56 77
19 67
139 144
127 146
114 133
23 55
138 149
107 110
116 141
13 148
36 128
10 112
66 117
67 97
30 119
127 155
91 103
3 19
65 139
46 151
50 106
14 124
42 141
63 90
29 86
16 53
34 131
41 51
47 109
13 141
17 74
15 20
136 147
15 133
127 128
20 48
23 69
116 147
8 60
1 67
41 52
12 56
51 111
41 69
66 71
31 125
34 124
91 117
55 107
138 142
70 91
21 24
39 66
44 143
104 119
16 35
73 86
129 143
41 61
78 90
84 133
51 116
20 87
42 68
5 80
61 147
31 122
111 135
62 146
45 74
84 91
49 143
1 44
99 107
100 123
44 134
47 139
73 95
78 93
79 81
10 133
106 145
33 151
76 83
24 25
6 89
83 131
66 89
31 99
92 115
55 121
24 136
85 92
11 76
84 139
109 125
60 140
136 143
31 104
72 151
59 115
60 99
84 105
70 76
57 73
39 105
47 153
50 152
69 140
33 48
72 117
51 75
52 123
109 118
19 114
113 115
63 142
13 59
111 146
39 145
40 103
64 125
121 124
84 112
32 86
90 155
70 71
43 99
44 115
12 68
73 114
56 150
93 111
94 135
131 155
75 153
117 153
119 133
88 92
52 66
42 56
25 96
82 147
30 68
31 94
3 98
28 106
33 81
89 108
18 80
1 8
80 84
43 88
124 133
135 148
85 143
72 140
55 93
4 123
29 109
14 52
90 109
76 136
4 10
26 59
101 144
46 62
28 144
68 111
128 140
94 113
27 40
119 155
9 82
112 144
20 121
135 141
38 54
3 80
109 131
76 135
5 141
7 100
12 113
16 116
36 127
37 119
55 141
27 33
16 131
24 67
81 118
10 58
102 123
144 146
110 139
40 67
4 105
43 62
90 127
1 19
44 87
83 84
121 137
30 134
128 154
22 49
4 143
27 38
29 129
18 146
59 60
24 74
25 124
82 119
85 154
13 88
23 131
11 14
29 120
2 154
7 90
101 139
12 103
41 126
61 99
27 63
34 71
41 143
23 43
75 85
3 71
65 95
28 69
14 16
73 143
98 129
79 97
11 148
123 139
16 89
36 148
77 139
5 9
100 137
66 105
29 147
35 84
114 144
81 89
82 105
46 131
68 148
13 74
141 149
31 32
35 37
7 59
28 92
29 74
53 68
54 114
58 113
21 107
2 31
93 94
41 104
64 135
9 119
137 138
35 93
91 104
127 148
59 67
81 82
14 115
17 128
40 63
39 89
78 127
26 97
46 100
47 94
52 139
17 95
2 22
102 143
52 58
125 145
91 97
21 155
3 45
60 74
114 130
13 124
74 122
38 76
4 52
8 15
28 82
54 76
44 50
83 121
46 111
36 129
6 114
66 114
12 154
31 142
86 113
3 18
70 110
71 116
40 45
95 114
99 119
1 73
92 142
51 105
17 73
36 136
19 80
136 148
111 112
20 49
23 68
25 42
32 52
88 145
95 123
29 46
104 113
53 88
88 122
51 110
52 96
15 28
56 99
58 132
37 144
111 121
8 85
65 132
70 88
18 114
39 125
99 101
34 146
20 80
49 61
67 87
37 153
24 130
95 105
51 124
17 60
19 103
58 150
136 137
10 21
30 80
96 119
59 125
24 137
62 154
49 135
140 141
44 126
26 36
48 121
92 146
37 58
15 152
35 108
111 148
24 144
117 125
121 122
85 100
89 97
14 32
87 143
18 95
1 61
58 70
68 115
36 68
37 82
17 46
60 132
5 74
97 137
60 123
26 135
64 126
62 132
109 151
58 65
3 141
26 54
28 131
105 106
54 61
93 110
94 132
103 149
106 139
133 142
82 144
55 71
40 111
3 101
120 146
50 56
58 72
44 107
68 97
124 134
94 143
61 94
30 61
52 74
60 154
25 104
82 139
30 76
31 70
18 57
1 151
38 60
4 100
14 53
53 102
146 149
96 130
5 131
50 130
142 153
75 150
131 136
4 154
34 59
19 136
81 124
135 140
85 151
13 37
18 48
38 55
43 56
23 140
64 67
73 155
58 90
96 153
5 140
101 152
46 70
78 136
62 70
27 32
103 128
34 50
55 61
81 117
101 122
102 120
13 94
144 147
40 68
122 151
58 101
25 148
43 78
16 108
128 155
55 133
61 105
137 150
29 128
19 150
21 134
59 63
23 45
6 47
66 135
40 75
4 81
43 54
64 81
28 79
33 124
115 117
30 142
12 96
118 125
9 68
66 111
29 153
34 68
23 42
113 153
65 94
45 138
33 117
57 127
78 114
121 154
52 134
126 133
37 97
41 102
42 124
31 146
54 154
59 77
24 89
23 35
79 134
82 102
13 73
107 114
70 122
38 83
32 152
70 149
1 101
95 151
44 61
48 56
12 22
19 60
2 28
37 106
42 103
5 113
10 76
66 97
87 110
79 143
6 16
42 153
34 143
36 52
2 100
57 137
36 155
19 69
5 122
30 114
40 152
60 75
6 11
45 100
138 147
32 39
70 116
22 139
42 128
63 95
48 54
56 86
61 134
35 74
92 105
20 43
23 78
82 83
65 137
28 59
70 111
75 112
95 125
4 60
29 84
34 129
59 139
8 134
27 98
13 139
15 22
19 83
42 80
5 108
6 106
9 105
67 104
31 118
87 117
111 115
3 26
38 127
95 122
63 77
29 45
104 114
1 65
22 116
81 147
42 91
15 140
92 127
111 120
59 110
23 92
65 155
84 94
90 133
71 101
3 144
47 140
104 121
1 90
129 141
9 10
84 135
47 125
15 100
20 81
58 140
49 60
3 8
24 131
60 111
32 67
90 140
93 145
7 12
72 73
1 83
9 51
52 119
108 116
77 89
24 27
80 136
133 146
63 154
30 81
1 138
111 142
45 65
84 108
18 101
39 114
26 37
48 122
12 80
68 117
92 147
9 52
12 39
55 112
39 154
117 124
65 110
14 33
89 96
57 79
39 107
44 118
118 149
28 133
29 49
73 79
36 69
37 81
26 95
9 61
7 147
51 77
17 45
60 133
80 134
42 63
67 77
31 83
60 116
87 135
143 145
3 140
21 58
50 145
73 112
7 136
9 38
24 112
10 15
85 132
13 50
26 143
57 89
80 86
43 90
7 112
101 149
11 117
12 125
22 34
41 145
31 65
14 139
4 101
85 126
32 102
73 145
96 131
30 154
72 108
53 150
128 142
94 119
98 106
62 92
27 42
52 82
16 142
31 78
43 59
8 103
26 145
14 61
109 129
2 134
21 85
121 134
11 99
68 80
16 118
94 126
18 153
55 60
24 69
25 121
101 121
31 55
13 93
40 69
4 107
29 125
32 116
33 122
1 17
22 68
98 141
46 78
12 106
69 87
126 152
37 126
22 55
98 124
27 56
118 123
54 137
3 51
23 44
81 109
106 127
35 57
110 144
8 21
65 68
28 72
29 118
51 153
57 117
98 132
11 145
47 77
94 104
41 124
6 148
21 142
41 141
25 75
23 37
50 69
91 141
75 87
38 89
3 73
4 89
9 146
33 116
58 116
47 74
12 24
41 101
77 137
6 143
9 76
47 59
34 92
35 86
52 54
20 31
25 76
6 30
46 129
32 42
31 34
70 123
18 21
147 148
113 145
9 155
21 105
79 104
26 100
7 74
15 58
62 99
10 77
34 87
91 106
59 69
43 143
66 145
14 113
35 44
74 113
39 91
7 50
29 65
32 144
70 141
145 151
22 96
8 153
27 151
11 132
36 132
2 20
102 141
139 149
89 136
35 68
56 63
54 149
114 128
138 144
68 132
14 120
48 88
9 22
88 110
17 86
27 29
10 127
31 136
86 119
35 77
20 52
32 63
75 115
38 69
42 136
8 56
9 142
51 107
52 155
15 17
36 138
20 76
37 149
3 29
60 90
38
35 111 147 121 137 100 63 10 21 81 118 126 13 135 10 15 21 24 69 140 15 21 81 130 104 67 97 68 32 27 98 12 96 89 33 28
50 28 144 114 6 84 91 39 77 63 95 17 146 127 117 81 112 21 117 125 29 118 44 14 82 102 32 26 32 152 6 20 60 75 115 9 76 38 59 28 68 138 54 52 35 13 93 108 81 64 43
56 29 122 5 92 123 9 52 83 64 67 112 65 64 53 124 13 135 82 14 32 24 31 56 125 117 124 98 85 65 61 23 55 23 43 107 138 137 42 80 5 113 123 85 65 88 155 93 86 29 125 95 18 146 26 3 101
69 122 125 122 85 143 8 134 80 134 52 66 117 98 106 125 143 26 85 126 152 103 124 42 67 24 130 114 122 41 69 23 68 138 53 129 53 42 80 68 30 84 35 154 1 11 1 67 19 67 71 101 1 50 114 141 70 141 88 129 23 129 115 68 99 43 56 8 21 107
96 66 151 147 138 1 17 45 143 19 114 127 144 73 44 61 147 82 18 146 123 50 152 133 32 107 154 63 139 84 79 104 111 142 8 116 132 123 105 138 147 85 139 150 58 125 83 64 134 135 82 139 140 90 127 108 120 144 120 41 107 51 41 124 41 124 1 151 124 1 73 68 35 13 74 83 74 143 34 71 101 82 119 73 79 28 6 16 84 35 142 146 123 52 41 143 7
68 76 140 144 24 136 147 95 147 144 82 105 113 34 124 13 59 20 19 1 28 90 105 151 124 13 73 13 74 13 88 119 30 6 20 87 136 96 131 32 152 136 147 148 127 144 138 68 9 82 14 82 60 19 1 83 74 113 74 29 122 85 102 27 33 143 16 154 140
64 6 16 96 148 18 71 67 118 114 110 144 28 6 15 20 111 51 26 100 102 41 100 8 58 112 12 113 88 129 5 113 11 128 87 37 97 37 144 46 86 23 110 56 86 150 34 78 102 143 125 39 89 4 107 41 5 74 29 138 54 124 44 131 70
77 14 154 4 52 9 155 114 78 23 78 127 128 109 129 88 110 144 127 152 32 68 117 153 18 6 28 9 44 23 111 93 51 153 119 138 107 109 67 87 3 16 6 126 62 146 133 116 33 143 71 101 139 14 115 77 86 119 36 138 68 73 91 132 123 146 26 54 38 59 95 122 151 124 117 127 90 78
45 141 152 136 76 9 20 87 24 33 72 58 15 11 6 20 87 78 93 94 84 30 142 123 139 150 76 136 7 112 58 8 134 124 117 115 3 51 73 3 144 114 19 154 62 43
94 132 98 97 98 97 98 3 101 99 60 8 21 142 101 58 112 81 89 33 48 32 27 33 48 122 72 64 38 110 43 23 78 8 153 63 124 145 66 135 148 68 120 144 24 130 50 56 77 139 63 32 144 147 140 12 113 145 143 51 26 53 45 138 29 117 66 105 72 87 128 42 53 14 33 116 70 58 21 58 89 141 152 15 21 142 63 154 128 127 14 53 138 110 107
43 24 112 111 66 34 50 84 29 74 57 152 103 108 16 94 135 141 90 8 2 20 52 51 143 113 5 31 2 117 35 93 60 132 36 125 88 113 104 114 118 16 84 110
30 9 38 55 22 12 113 82 78 127 90 34 146 133 15 21 24 66 111 96 52 139 77 149 37 97 152 97 37 17 1
90 107 138 68 111 112 81 108 5 31 83 52 58 37 153 8 150 105 39 114 44 61 147 145 86 32 27 38 27 38 140 147 138 36 132 25 83 39 145 124 81 147 6 30 76 83 1 28 102 100 104 67 19 112 111 104 119 133 114 117 21 113 69 118 14 64 19 1 10 15 11 38 92 33 48 51 71 147 100 153 142 63 42 137 42 91 141 88 92 153 37
47 12 17 46 70 34 129 154 56 147 29 129 8 58 65 78 127 14 46 111 72 117 75 57 77 2 8 142 21 107 109 120 19 71 67 73 69 19 114 19 150 58 72 41 72 80 18 146
87 56 147 95 65 102 53 102 41 11 148 6 18 102 141 136 14 82 113 153 37 111 72 31 32 91 84 35 86 29 122 85 51 73 105 71 143 100 81 112 65 38 50 17 11 76 125 48 146 18 65 61 118 127 148 18 71 92 51 122 5 108 116 108 5 92 85 14 46 25 80 108 151 108 56 31 2 78 60 34 90 1 138 68 99 119 30 109
74 124 133 114 118 111 120 19 22 96 119 88 58 140 15 96 136 78 60 38 43 56 17 146 9 51 48 54 56 48 59 7 55 105 4 120 142 63 56 125 48 79 28 2 20 80 5 59 27 56 147 7 90 136 137 29 49 22 93 86 145 106 145 88 53 64 141 136 96 14 139 106 39 32 52
22 50 145 106 145 66 111 68 22 55 9 152 57 133 84 104 119 138 105 92 77 13 135
10 44 50 145 73 12 39 45 74 97 152
14 34 70 7 50 134 2 8 143 74 13 124 54 137 91
83 5 69 87 24 31 70 58 113 92 127 4 56 12 68 23 131 70 71 34 131 111 118 54 103 40 95 65 110 65 29 117 45 128 140 23 42 53 97 26 135 128 30 40 30 40 65 1 17 126 6 87 131 70 62 102 59 155 131 72 87 131 72 34 143 34 78 82 101 149 43 23 110 98 141 152 6 114 130 92 28 15 58 125
66 6 47 31 20 31 72 111 118 149 43 107 93 22 19 120 89 4 60 90 141 68 80 86 73 13 141 99 102 82 141 37 141 55 61 59 77 67 32 8 90 60 19 69 24 92 105 16 105 61 94 105 16 142 126 99 62 102 120 41 55 61 73 13 124 25 108
38 9 55 116 22 116 133 10 15 8 56 50 69 41 51 77 35 13 91 132 94 143 100 104 25 8 16 8 21 18 13 124 44 50 93 86 93 13 141
42 128 143 51 105 113 123 85 26 121 122 10 127 155 35 57 127 4 101 82 87 110 96 16 35 146 80 86 150 86 119 25 132 98 85 122 33 30 33 117 45 40 103
50 8 103 54 14 64 63 77 139 72 87 34 68 97 91 132 38 78 49 22 91 118 149 139 119 25 119 125 122 41 69 113 104 36 17 69 113 124 133 114 110 21 34 70 139 101 18 119 94 13 50
31 52 66 24 21 10 4 14 124 14 32 39 83 25 119 96 73 30 134 124 81 124 33 92 113 123 119 69 5 69 3 19
38 123 134 61 30 109 67 71 83 19 39 12 98 85 51 133 126 74 83 19 136 148 13 88 113 58 90 8 150 19 22 34 66 135 128 103 128 155 90
90 107 114 107 21 110 65 1 83 71 143 7 90 121 62 116 62 126 6 148 18 57 79 57 127 128 107 44 124 134 121 77 63 42 128 154 1 154 122 114 128 30 81 79 144 112 24 21 70 91 141 12 154 39 114 110 114 44 73 44 107 148 135 64 134 109 11 148 98 85 98 78 102 95 105 84 108 116 60 78 36 128 69 36 55 31 78 65 18 80 7
94 33 57 117 66 52 66 124 145 11 1 122 88 65 88 113 104 91 2 22 2 148 135 111 104 31 55 47 20 31 125 59 125 122 95 105 150 137 18 15 125 83 155 90 139 7 139 47 20 43 110 56 76 25 119 123 105 21 134 121 124 141 5 111 38 83 1 124 98 93 14 93 108 5 113 82 83 82 52 119 125 76 133 110 84 139 101 144 138 36 52 58 89 33 30
44 134 135 128 135 66 52 9 52 82 87 135 94 105 21 85 21 110 59 48 82 101 142 76 38 110 65 1 73 3 75 60 4 81 37 58 52 35 154 153 144 32 116 120 111
71 114 141 12 73 139 84 43 118 102 28 123 135 136 152 127 155 52 51 153 75 85 69 73 72 108 93 86 37 71 105 138 72 87 136 141 12 112 47 20 121 62 146 35 117 11 1 138 72 80 26 121 124 81 20 49 25 46 70 139 144 138 45 143 44 14 46 129 8 143 7 70
36 32 50 89 39 106 125 106 50 106 91 94 83 82 14 33 117 68 40 69 4 100 104 121 62 46 75 153 42 59 69 59 26 85 154 129 23
66 21 110 96 110 43 54 56 54 56 147 121 77 56 27 59 60 78 60 34 113 143 7 106 39 154 125 36 125 12 112 19 80 146 120 144 120 144 153 29 120 102 143 136 148 82 48 106 48 32 50 38 64 12 113 143 72 70 31 78 90 1 61 53 13 18 21
28 81 117 66 124 66 105 73 91 13 91 106 91 2 3 87 50 32 8 21 34 66 22 15 28 9 22 91 68
84 136 141 68 132 58 101 139 85 51 122 121 83 19 69 118 67 118 109 29 27 59 27 151 46 25 121 83 74 45 47 91 13 35 57 133 90 28 33 116 33 10 11 118 109 129 141 116 60 48 106 20 48 60 8 1 8 129 29 45 65 132 9 19 136 72 73 144 127 38 132 54 29 109 89 94 13 148 75 42 137 142 126 74 13
60 103 40 72 31 56 108 151 120 4 107 21 99 101 99 141 106 42 106 41 145 147 136 43 107 109 67 87 136 87 38 49 22 139 140 17 153 100 46 62 127 123 132 136 36 19 20 6 126 62 116 16 3 73 115 46 51 141 42 136 132
78 66 97 15 10 11 40 155 65 102 82 135 115 44 143 33 27 33 30 6 15 54 26 143 71 101 30 40 107 109 23 44 23 26 60 48 82 135 126 61 147 95 73 79 28 79 8 103 19 114 130 114 64 53 88 83 76 140 23 61 105 21 105 73 82 44 82 147 144 101 152 141 129 8 78 2 63 42 103
99 13 91 73 105 90 105 48 32 86 113 5 115 92 28 79 70 153 142 71 55 105 4 89 50 130 135 134 8 60 20 59 102 82 60 55 22 34 7 148 77 10 63 153 139 144 46 142 63 10 21 142 153 42 59 112 10 21 155 119 36 132 58 72 139 106 16 143 73 143 41 101 144 138 45 138 147 136 43 20 106 149 146 133 116 33 10 71 18 146 80 146 142 16 118 149 43 23 110 144
36 50 69 85 123 134 50 145 39 91 137 142 153 155 83 31 122 97 67 64 34 50 17 140 147 61 41 98 106 50 89 6 47 45 117 91 84
